4049	1
2981	1
2842	0
2713	0
1007	1
2468	1
2848	1
721	1
1648	0
2546	1
3239	1
866	1
266	1
3985	1
1749	0
3974	0
4740	1
4141	0
4088	0
2971	0
1352	1
4332	0
2798	0
685	1
4141	0
536	1
556	1
1278	0
2142	0
1333	0
2917	1
2743	0
4639	1
3128	1
2136	0
1840	0
1426	1
447	1
149	0
3722	1
3950	1
3433	0
1044	1
1029	0
2218	1
1583	1
674	1
2752	1
3195	0
4151	0
839	1
3277	0
2321	1
990	1
2365	1
3284	0
3996	1
3227	0
1607	0
4174	1
4386	0
4484	1
4328	0
1190	1
201	0
3010	1
2583	0
295	0
1427	0
393	0
2220	0
924	1
1509	1
1347	0
72	1
1367	0
3568	1
3791	0
2030	1
1430	0
643	1
3787	1
1160	1
2881	1
687	0
190	1
1175	0
3385	0
2504	1
2932	0
64	0
290	1
1695	0
3304	0
643	1
864	1
3336	0
3226	0
2340	0
1858	0
4709	1
3315	1
1332	0
1842	1
3984	1
985	1
1182	0
2994	0
1435	1
4539	1
3783	0
4490	0
1042	1
2094	1
3660	0
4463	1
1840	0
2985	1
2608	0
1843	1
3483	1
3191	0
2497	1
4095	0
3140	0
411	0
1867	0
1998	0
3601	0
4221	0
4279	1
2426	0
249	1
2951	0
3823	1
2751	1
784	0
4276	1
758	0
4504	0
4138	0
2908	1
1767	0
1806	1
2927	1
280	0
865	1
1213	1
4273	0
3396	0
2317	1
575	0
411	0
1604	0
200	0
1356	0
3001	0
1556	0
2770	0
1436	1
2428	1
3677	0
1041	1
1916	1
3859	0
1349	1
4492	1
4221	0
2917	1
679	1
3115	1
923	1
2371	0
2189	1
690	0
3341	0
914	1
4026	1
3665	0
650	1
2487	0
3410	1
731	0
4143	0
4720	0
3419	0
712	1
4703	1
2501	1
2957	1
4744	1
3226	0
4680	1
4738	1
3199	0
3252	0
1766	0
4051	0
1311	0
618	0
3159	0
3902	1
3846	0
66	0
2902	1
4376	1
3897	0
2283	0
3584	0
209	0
4336	1
2971	0
2262	0
2818	0
2952	0
2368	1
2109	0
3622	0
653	0
1892	0
3280	0
2804	0
2377	1
722	1
1358	0
3569	1
4484	1
4665	1
1376	0
2598	0
1933	1
3175	0
3273	1
382	0
3362	0
3235	0
186	0
2558	0
4616	1
966	1
784	0
4129	0
2740	1
579	0
184	0
1826	0
2856	0
4665	1
1033	1
3016	0
2171	0
2629	1
3688	0
4226	0
3506	0
2116	0
2191	0
1254	0
2398	1
1534	0
4277	0
1644	0
4141	0
4426	1
1321	0
1527	0
738	1
50	0
3920	0
447	1
1338	1
3533	0
2290	0
4658	1
4322	1
3683	0
530	1
3809	0
4349	0
2923	0
4703	1
1187	0
3498	1
981	0
2622	1
1782	1
383	1
612	1
3570	0
1348	0
4350	1
2965	0
2633	0
361	0
3596	1
678	0
74	1
1426	1
1956	0
202	0
2357	0
2465	0
4084	1
1527	0
3935	0
4019	0
2248	0
706	0
2356	0
3231	0
4229	0
2639	0
1468	0
3657	0
4378	1
148	0
2897	0
4686	0
4492	1
4228	0
2586	0
3482	1
517	1
1092	0
1285	1
3977	0
1585	0
133	0
2157	0
1667	0
604	1
343	1
1138	1
2547	0
2318	1
4451	1
4525	0
2030	1
2770	0
1118	0
3247	0
1964	1
2044	1
1029	0
223	1
2863	0
2932	0
4085	0
4021	0
2906	1
3722	1
1647	0
1124	0
339	0
4721	1
4488	1
1108	0
2163	0
1554	1
2450	0
1667	0
673	0
3227	0
4729	0
2469	1
3689	1
3572	0
2491	0
2360	1
3286	0
981	0
3414	1
4462	0
681	0
1842	1
3402	0
1210	1
3905	0
3872	1
4729	0
2500	1
3051	1
927	1
1136	1
4123	0
2519	0
1508	0
2288	1
1669	0
4542	1
2193	1
3208	1
1922	1
789	0
1938	1
2106	0
163	1
3915	0
4392	1
1692	0
1180	0
4277	0
4279	1
1758	0
4319	1
4654	1
3787	1
2559	0
2344	0
2856	0
3941	0
4462	0
2315	1
1348	0
2603	0
3847	0
4383	1
1005	1
865	1
560	0
2998	1
3793	0
1015	1
2285	1
3434	0
1810	1
4057	1
4749	1
1078	1
2483	0
1317	1
1120	0
2363	0
1935	1
4007	0
3027	0
1649	0
1851	1
703	1
3993	0
2693	0
2176	0
2130	1
1556	0
4589	1
686	1
1668	0
205	0
1170	1
2265	0
2254	1
3570	0
3238	0
1141	1
2641	1
4207	0
3162	0
2829	0
1278	0
2531	1
463	1
2031	0
1604	0
560	0
791	1
3722	1
4276	1
4166	0
3936	0
438	0
685	1
348	0
2182	1
1254	0
3621	1
794	0
4294	1
1548	0
540	1
1055	1
618	0
1348	0
2358	0
3594	1
1383	0
4656	0
4082	0
3629	0
1092	0
1521	1
1370	0
3018	0
699	1
2713	0
4693	0
752	0
4597	1
3238	0
4304	1
629	0
2162	0
3536	1
2780	0
3344	0
1899	0
2751	1
3387	1
699	1
1877	1
3923	1
8	1
3226	0
1912	1
3658	0
1810	1
1352	1
1788	1
3565	1
4648	1
2972	1
779	1
3195	0
4236	0
2483	0
3304	0
2378	0
3078	0
4729	0
2965	0
1181	0
4536	1
3836	0
335	0
1981	0
3543	0
4749	1
1867	0
4632	1
1560	1
2030	1
1160	1
2980	1
2112	1
3581	1
142	1
2680	1
1352	1
4603	0
495	1
2703	1
2068	0
3375	1
2856	0
1181	0
4526	1
1433	0
2522	0
4734	0
1648	0
4661	0
2679	1
369	1
2182	1
3253	0
2812	0
3394	0
4600	0
4543	0
1066	0
2529	1
3333	0
2804	0
703	1
69	1
2268	1
690	0
3710	1
1280	1
1540	1
572	0
1041	1
3086	1
3986	0
2313	1
1691	0
2985	1
1205	0
2093	1
1730	1
1584	0
2921	1
1015	1
1627	1
2002	1
1857	0
3875	1
2764	0
233	1
1140	1
4639	1
606	0
923	1
419	1
4678	1
45	1
4084	1
4395	1
1352	1
2111	0
3573	0
3147	0
885	1
4425	0
1327	1
506	1
2509	1
981	0
3362	0
1919	1
2398	1
1567	1
345	0
1644	0
83	0
4083	1
4008	0
4128	1
4329	1
4424	0
4277	0
61	0
3848	0
496	1
2834	1
3848	0
631	0
2921	1
3936	0
252	0
1110	0
1881	0
557	0
3346	0
1996	1
339	0
2076	0
2729	0
2657	0
2586	0
3737	0
2057	0
4534	1
6	1
2537	1
2575	0
1761	0
2456	0
4018	0
2914	1
1020	0
2080	0
1766	0
4579	1
1035	0
4181	0
4748	1
4268	0
2721	0
2584	0
2981	1
3325	0
3961	0
4307	1
2869	1
4419	0
3961	0
2080	0
950	1
2978	1
1010	1
3601	0
2172	1
891	0
2530	1
284	0
1355	0
1250	0
1668	0
4039	0
2950	0
2123	1
2207	1
3284	0
4449	0
4281	1
4664	1
918	0
1239	0
1078	1
51	0
1113	1
224	0
3748	0
4045	1
2474	0
1446	1
4685	1
4028	0
1713	0
2751	1
750	0
4502	0
1396	0
4555	0
922	0
2093	1
3294	1
1079	0
1872	1
3280	0
2919	1
1585	0
1066	0
6	1
1280	1
4528	1
993	1
303	1
2454	0
712	1
4236	0
743	1
3708	1
1490	1
1920	0
4140	0
1983	0
1874	0
1782	1
3224	1
3683	0
2456	0
4170	1
4300	0
2951	0
3573	0
3054	0
2418	0
1584	0
3772	0
3681	0
4045	1
2571	1
2606	1
1468	0
826	0
1305	0
2185	1
3408	0
3078	0
3385	0
3267	1
2724	1
2797	0
4121	0
4221	0
988	0
2426	0
3294	1
2012	0
250	1
163	1
79	1
1139	0
3142	0
4077	1
532	0
3860	0
1748	0
1440	1
3648	1
2454	0
2490	0
4464	0
247	0
2889	0
132	0
3483	1
3288	0
4273	0
3535	1
4393	0
3593	1
4627	0
4516	0
2559	0
2201	0
2477	0
3722	1
1037	0
2116	0
3194	0
3364	1
1760	1
1880	1
3281	0
3270	0
837	0
3950	1
4179	1
3235	0
3248	0
51	0
2517	1
2431	0
1879	0
3706	0
839	1
3404	0
354	1
617	1
3848	0
4021	0
1996	1
396	0
4663	1
3108	1
4641	1
3677	0
3967	1
4660	1
2307	0
2923	0
4538	0
4158	0
1078	1
3550	1
1261	0
2522	0
2643	1
4665	1
282	1
2517	1
3601	0
1106	1
1427	0
3461	0
4115	1
3619	0
1274	1
3899	0
4221	0
3737	0
3136	0
2875	1
3284	0
410	1
2569	0
2074	0
2173	0
3905	0
2193	1
3394	0
2843	1
4535	1
2482	0
3923	1
1423	0
2763	0
612	1
4039	0
533	1
2529	1
322	1
3290	0
3040	0
740	0
1320	1
2910	1
3805	1
1550	0
4602	0
3940	0
256	1
1827	0
3285	0
4119	1
655	0
2838	1
3677	0
571	1
3748	0
1215	0
2104	1
4565	1
2495	0
83	0
728	1
2751	1
2172	1
3033	0
607	1
4164	0
4199	0
1320	1
61	0
4489	1
2360	1
2641	1
4624	1
2285	1
4528	1
2778	0
2035	1
285	0
1993	1
4177	1
1867	0
245	1
4429	0
4549	0
1035	0
1317	1
4375	0
4636	1
955	0
2594	0
2800	0
4153	0
1965	1
619	0
3088	0
3974	0
981	0
3586	0
2359	1
4022	0
4163	0
230	0
816	0
370	1
2692	1
440	1
3875	1
1332	0
3283	0
192	0
3254	0
1654	1
3077	1
3967	1
3114	0
3643	0
2023	0
1343	0
3571	1
228	1
907	0
3204	0
3483	1
3649	1
3214	0
3027	0
2142	0
2474	0
1851	1
950	1
641	1
3570	0
2532	1
1849	1
992	0
4332	0
2608	0
577	0
4547	0
4525	0
3216	1
142	1
1359	1
2784	1
1250	0
4130	0
1369	0
2130	1
1136	1
2752	1
540	1
2489	0
4732	0
1704	0
4084	1
51	0
1634	1
1421	1
2911	1
4228	0
2363	0
2558	0
4082	0
4333	0
3294	1
681	0
1668	0
4724	1
1317	1
2522	0
1440	1
2593	0
3295	1
249	1
1421	1
1749	0
1073	0
1810	1
4251	1
2941	0
4126	0
3624	1
2141	0
4323	1
1139	0
1911	0
4703	1
1096	1
3287	0
1388	0
1946	1
4490	0
156	0
1346	0
3607	0
3957	0
2170	0
1080	1
556	1
3358	0
4100	0
4571	1
4188	0
4740	1
1133	1
1339	0
4465	0
3591	0
4170	1
2863	0
3236	0
3507	0
2819	1
3654	0
3507	0
1466	1
612	1
1751	0
2800	0
1929	0
4229	0
3591	0
654	0
4295	1
2639	0
2035	1
386	1
4123	0
1917	0
2784	1
121	0
2209	1
1735	0
2315	1
2569	0
2586	0
2784	1
3966	0
2750	1
4615	1
1040	1
94	0
3600	1
4220	0
4278	1
1119	0
1583	1
3211	0
3227	0
763	0
3265	1
1801	1
533	1
2798	0
1885	1
1073	0
4310	0
2179	0
4711	1
2998	1
1779	1
2934	0
907	0
3780	1
4293	0
4516	0
2570	1
2267	1
989	0
3394	0
264	0
3607	0
30	0
4518	0
1250	0
4333	0
3957	0
3660	0
3516	1
4526	1
3611	1
2112	1
4464	0
1611	0
571	1
4166	0
506	1
2030	1
273	1
4319	1
654	0
3595	0
2584	0
2173	0
1703	0
1508	0
293	1
339	0
4546	0
2142	0
1760	1
1713	0
1586	0
4679	1
455	0
1490	1
1740	0
3554	0
1248	0
3991	0
76	1
3772	0
3327	0
2770	0
1087	1
2695	0
1891	1
4226	0
1140	1
2320	1
4586	0
