2376	1
2280	0
1351	1
3516	1
1913	1
289	0
4633	0
3573	1
3954	1
3003	0
4335	0
2027	0
1331	1
1157	0
4015	0
2285	1
3355	0
123	0
2008	0
4191	0
3844	1
1240	0
4419	1
1941	0
3429	1
810	0
2071	0
3974	1
1696	0
2144	0
2825	0
4631	0
525	0
1687	1
4213	0
4666	1
79	1
4611	0
3746	0
92	0
820	0
1698	0
252	1
4329	0
261	0
2170	1
3978	0
2514	1
1487	1
3309	0
3708	1
2364	1
1851	1
3173	1
922	0
3315	1
3413	1
2174	1
3691	0
1303	1
1332	1
4659	0
2664	0
4045	1
4609	0
4279	1
4056	0
571	1
3387	1
2639	0
1758	1
2882	0
1920	1
1491	0
1857	1
2003	0
2919	1
4322	1
3443	1
1897	1
497	1
1636	0
4137	1
3577	0
2454	1
4724	1
2875	1
2200	1
4283	0
2505	1
1267	0
4650	0
3539	0
86	0
335	0
2187	0
2607	0
274	0
1328	0
461	1
871	0
4331	0
65	0
1728	0
321	0
1788	1
2928	0
2625	1
1735	1
3812	0
4304	1
681	1
4703	1
2693	1
1140	1
209	1
690	1
4604	0
3766	0
785	0
4585	1
1506	0
2917	1
1666	1
1426	1
1950	0
3133	0
1051	0
2977	0
1545	0
1500	0
4116	0
2456	1
2924	1
3619	1
1323	1
4720	1
2924	1
4392	1
2994	1
3822	0
3573	1
273	1
2463	0
2773	0
4524	1
816	1
178	1
1015	1
4504	1
4716	0
743	1
2123	1
1868	1
1915	1
383	1
25	0
1253	0
1306	0
3412	1
2507	1
1350	1
880	0
2804	1
3885	0
2662	0
4385	1
3583	1
3483	1
3107	0
2076	1
2094	1
4270	1
1614	0
3145	0
2242	0
559	1
577	1
1265	1
1921	1
1274	1
3429	1
1253	0
3909	1
1158	1
40	0
2908	1
3438	0
795	0
4199	1
2348	1
4727	0
2271	1
1041	1
2122	0
1972	1
2126	0
1080	0
419	0
4171	0
3470	0
3565	0
4475	0
450	1
4720	1
2839	0
2189	1
1109	0
2603	1
2986	0
1465	0
379	0
3608	1
816	1
427	0
2150	0
119	1
1788	1
1885	1
1508	1
3371	0
467	0
3776	1
860	0
1601	1
948	0
3534	1
3329	0
2538	1
3728	1
230	1
2962	0
773	0
1183	1
4537	1
3905	1
2819	1
406	0
2352	0
536	0
2006	0
1974	0
2637	0
1618	0
3992	1
1826	1
1774	0
2774	0
25	0
1877	1
2193	1
752	1
1807	1
1250	1
1789	0
3199	1
4039	1
1867	1
2450	1
612	1
3604	0
1633	1
3101	0
1927	0
989	1
1279	0
354	1
2339	0
3961	1
2491	1
655	1
104	0
2441	0
8	1
2667	1
4625	0
2213	0
2076	1
2305	1
3162	1
1516	1
71	1
1627	1
3938	0
1026	1
1315	0
2918	0
2037	0
849	0
666	0
4266	0
222	0
1298	0
1864	1
2518	1
1986	1
4748	1
168	0
990	1
4730	0
2551	0
2829	1
2547	1
2093	1
4703	1
935	0
3569	1
411	1
2183	0
2559	1
893	0
853	0
1349	1
3213	0
3421	0
3806	1
486	0
2402	0
324	0
619	0
2216	1
1501	0
1210	0
3496	1
2603	1
2022	0
1921	1
906	1
3534	1
4066	0
4089	0
2320	1
2436	1
2921	1
4528	1
1197	0
4051	1
4619	0
108	0
835	0
2941	1
3833	0
1134	0
4690	1
823	0
2021	0
4682	0
4202	1
4211	1
3310	0
2703	1
3765	1
3650	1
2055	0
507	1
2911	1
3657	1
1309	0
3355	0
604	1
4268	1
30	1
3035	0
243	0
2662	0
3660	1
4381	1
710	1
763	1
619	0
2317	0
2086	0
3977	1
2259	0
2275	1
370	1
3958	1
217	0
2327	0
4532	1
3495	1
674	1
2534	1
2952	1
3265	1
3774	1
3712	1
3059	1
1578	1
2276	0
1941	0
1034	0
261	0
156	1
2101	0
4273	1
3962	0
1708	0
3218	0
1799	0
2989	0
4251	0
717	0
2814	0
4027	1
2466	1
3962	0
50	0
4282	0
2526	1
1692	1
156	1
411	1
2386	0
32	0
2824	0
654	1
4720	1
1925	0
1884	0
4355	0
4128	1
3469	0
3177	0
4217	1
2536	1
3518	1
2513	0
1595	0
69	1
1105	1
4724	1
3942	0
3410	1
3242	1
2107	0
4508	0
519	1
2990	0
4555	0
570	0
3657	1
346	0
2385	0
178	1
632	1
3294	1
4128	1
3085	0
1198	1
489	0
3714	0
4307	1
2161	0
1205	1
507	1
2594	1
2934	1
1297	0
3610	0
4600	1
2136	1
2887	0
1894	0
3983	1
3728	1
731	1
2185	1
2428	1
778	0
3807	0
1920	1
1695	0
3173	1
1358	1
695	0
4714	0
1589	1
650	1
3657	1
2978	1
2898	0
3856	0
3920	1
3294	1
4571	1
4019	1
264	1
1776	0
4500	0
1718	0
1205	1
374	1
1140	1
2640	1
2671	0
1444	0
3472	0
906	1
2318	1
3290	1
3794	0
3821	0
842	0
4043	1
838	1
4277	1
4243	0
1132	1
4485	1
3235	1
966	1
1710	0
1359	1
1899	1
2071	0
74	1
1185	0
823	0
1213	0
69	1
3	1
148	1
1581	0
1892	1
2463	0
4654	0
810	0
2016	0
1961	1
1874	1
2026	0
2932	1
1198	1
1150	0
2824	0
1932	0
3571	1
1280	1
1999	0
995	0
414	0
1127	0
282	1
1187	1
2683	0
511	1
2609	0
2414	1
604	1
3547	0
3186	0
3169	0
460	1
3902	1
519	1
1902	0
2216	1
267	1
3812	0
4279	1
4121	1
3583	1
3290	1
2399	0
4454	1
2884	1
920	1
4153	1
1054	0
1830	0
1516	1
1118	1
1691	1
1497	1
1593	0
3779	0
2997	0
2207	1
1387	0
3419	1
2168	0
4338	1
961	0
3419	1
2284	1
802	0
1628	0
3836	1
234	0
2512	1
3507	1
3692	0
3091	1
4741	0
760	0
1589	1
45	1
295	1
3884	0
1879	1
3832	0
4528	1
218	0
3482	1
3650	1
4424	1
300	0
3404	1
3337	0
3575	0
1413	0
3726	1
1531	0
2353	1
264	1
3860	1
2086	0
1579	0
836	0
4072	0
2295	1
393	1
2940	0
1588	1
3877	0
2779	1
1548	1
631	1
4099	0
2299	1
1940	0
1998	1
1341	0
362	0
1922	1
1624	0
4035	0
635	0
4008	0
4418	0
2887	0
1575	0
1270	0
4195	0
2	0
4536	1
3496	1
3596	1
3630	1
730	0
4750	1
4579	1
3527	1
3453	1
2658	0
3610	0
4126	0
2188	0
1801	1
3623	1
435	0
3045	0
1456	0
1534	1
1582	0
2400	0
1580	0
1301	0
3754	0
2214	0
4104	1
2790	0
1644	1
3238	1
82	0
907	1
4696	0
1949	0
4628	0
99	0
839	1
4582	0
179	0
4732	1
693	0
2282	1
1677	1
2843	1
2283	1
4123	1
2653	0
3381	0
934	1
2932	1
4654	0
502	0
897	0
3363	1
277	0
1738	0
1168	0
1842	1
3021	0
2573	1
2076	1
2477	1
704	0
1744	0
992	1
2128	0
2917	1
3459	0
423	0
2171	1
1308	1
2770	1
3992	1
1164	1
3102	0
2487	1
3756	0
3219	0
3213	0
4229	0
693	0
3419	1
4161	0
2285	1
3833	0
4263	0
4751	1
791	1
4621	0
2517	1
354	1
3243	0
1473	1
2857	1
3772	1
3504	0
1170	1
1421	1
4175	1
2563	1
3762	0
1557	1
2736	1
3887	0
2964	1
564	0
3149	0
2090	0
3638	0
4364	0
2465	1
13	0
1625	1
3283	1
4138	0
1221	0
449	1
682	0
2752	1
4211	1
163	1
1726	0
224	1
1361	0
2331	0
1907	0
2679	1
4332	1
363	0
3020	1
1981	1
4661	1
3561	1
1474	0
4576	0
3801	0
3425	0
3201	0
3621	1
4281	1
3297	0
2972	1
2061	0
4600	1
1047	0
3642	0
2539	1
1195	0
1473	1
3227	1
2709	0
4303	1
2361	1
3870	0
2269	0
3121	0
2724	1
4171	0
1772	0
1355	1
2698	1
3507	1
4660	0
3654	1
231	0
571	1
1659	0
1870	0
4028	1
3273	1
474	0
4526	1
3082	0
3977	1
963	0
1429	0
3646	0
1029	1
245	1
4347	0
3359	0
1699	0
4226	1
4383	1
1722	0
318	0
440	1
3439	0
811	1
3842	0
1348	1
815	0
2345	1
2685	1
1706	0
1912	1
721	1
4281	1
1078	1
2141	1
1010	1
4383	1
4673	0
838	1
1433	1
4559	0
3509	0
3006	0
4489	1
1167	0
4063	0
3624	1
4464	1
4477	0
1764	0
3257	0
3567	0
1553	0
2071	0
2752	1
4641	1
1763	0
4690	1
2525	0
3501	1
1848	1
4579	1
2160	0
4098	0
269	1
4684	0
4347	0
3631	1
4634	0
3116	0
943	0
1600	0
1692	1
2402	0
1608	0
2726	1
575	1
2951	1
1039	0
1281	0
4727	0
4723	0
4036	1
3232	1
1400	1
3002	1
2671	0
145	0
4675	1
4165	0
4521	0
2368	0
4415	0
291	0
3384	0
590	0
1894	0
989	1
1504	0
3807	0
1110	1
738	1
2595	0
637	0
1548	1
2392	0
4516	1
2923	1
612	1
2340	1
2585	0
1139	1
686	1
7	0
2476	0
999	0
525	0
2895	1
644	0
1916	0
693	0
453	0
4061	1
3083	0
1204	0
261	0
512	0
4205	1
3276	1
4469	0
1538	1
2765	0
1867	1
1283	0
1798	0
2815	0
812	1
3414	1
3908	0
818	1
1502	0
1972	1
838	1
2608	0
2913	1
3321	1
2333	0
2528	1
990	1
1878	0
1175	1
4701	0
4291	0
613	1
562	0
3332	0
452	1
2810	1
4333	1
94	1
133	1
1042	1
4340	0
4721	0
175	0
1967	0
917	0
2937	0
3971	0
293	1
3559	0
2664	0
1929	0
4198	1
4184	0
3023	0
1156	0
900	0
3553	0
2155	0
163	1
3848	1
884	0
1184	1
3542	0
3353	0
2702	0
3814	0
818	1
3120	0
3781	0
3629	1
3782	1
1740	1
101	0
915	0
2032	1
4595	0
4290	1
4246	0
2426	1
298	0
1454	1
1109	0
3371	0
521	0
3408	1
2365	1
1997	1
782	0
2680	1
94	1
114	0
1839	0
1734	1
690	1
4103	0
2863	1
866	0
845	0
3787	1
506	1
2248	1
2907	1
3649	1
4190	0
891	1
396	1
2913	1
3011	0
2295	1
932	0
2405	1
1328	0
816	1
3959	1
673	1
3358	1
1827	1
2991	1
1668	1
2339	0
4547	1
4494	0
1015	1
4446	0
2606	1
2300	0
3156	1
4220	1
1912	1
4541	1
1183	1
1631	0
4709	0
3231	0
4193	0
3872	1
2095	1
612	1
1081	0
660	0
2744	0
90	0
3010	1
2116	0
2836	1
2796	0
4176	1
86	0
2262	1
936	1
703	1
3994	1
4090	0
4679	1
3915	1
27	0
1626	0
3033	1
98	0
4359	0
4128	1
673	1
293	1
4303	1
3944	1
1026	1
1383	1
2902	1
4627	1
1959	0
1327	1
2983	0
1227	1
385	0
1440	1
3530	0
4295	1
4629	1
4485	1
3836	1
4693	1
757	0
4275	0
2262	1
4	1
462	0
3511	1
3831	0
2242	0
338	0
1064	1
2510	0
3724	0
3395	0
3891	1
463	1
369	1
1520	1
1732	0
3400	0
3035	0
2667	1
2763	1
2395	0
2589	1
4389	0
3495	1
4535	1
2789	0
1054	0
2746	0
1016	0
2211	1
2933	1
1090	0
3161	1
2584	1
2024	1
2998	1
4293	1
4132	0
4216	0
1980	0
1052	0
4216	0
624	0
4643	0
3736	0
2117	0
165	1
2323	1
3454	1
252	1
4708	0
699	1
4175	1
2189	1
1446	1
560	1
1180	1
1436	1
4349	1
3226	1
2193	1
791	1
3935	1
922	0
4403	0
1296	1
1010	1
4633	0
2838	0
4424	1
865	1
4109	0
2554	0
2023	1
764	0
4645	1
1047	0
4039	1
1029	1
4598	0
2193	1
2531	1
245	1
2593	1
3872	1
4573	0
2861	0
2572	1
1141	1
686	1
3835	0
2598	1
518	1
870	1
821	1
4501	0
966	1
1753	1
1426	1
4316	1
1037	0
4615	1
1755	0
2114	0
4191	0
4398	0
2556	0
3186	0
1430	1
2751	1
575	1
2935	0
2694	0
273	1
3017	1
206	0
1183	1
4198	1
1033	1
68	0
1445	0
2504	1
134	0
4719	0
2241	1
997	0
4243	0
2784	1
1779	1
3085	0
2057	1
2820	1
4416	1
3918	0
1687	1
3823	1
2423	0
3116	0
1535	0
285	1
1202	0
1812	1
1917	1
4749	1
3768	0
1627	1
4026	1
2827	0
422	0
1742	0
4639	1
3791	1
2509	1
2825	0
1885	1
2292	0
2495	0
4141	1
1930	0
163	1
2953	0
1078	1
3372	0
1891	0
425	0
676	1
2139	0
2391	0
534	1
1638	0
1796	0
3632	0
3626	0
115	0
2199	0
4440	0
2066	0
2192	0
3418	1
1239	0
57	0
90	0
1764	0
4547	1
1407	0
750	1
362	0
936	1
4492	1
2595	0
2170	1
83	1
1364	0
2376	1
3285	1
3208	1
2585	0
4144	1
3078	1
4615	1
2719	0
3859	1
4019	1
927	1
4595	0
4097	0
1512	0
4736	0
2727	0
3908	0
3927	0
3687	0
1214	0
1490	1
3596	1
1509	1
1884	0
121	1
2069	1
2179	1
2497	1
2301	0
4629	1
1879	1
3591	1
1331	1
440	1
4421	0
4371	1
2871	0
3735	1
3950	0
1737	0
1634	1
3108	1
2647	0
4730	0
3223	0
285	1
192	1
219	0
753	1
183	0
3433	1
3507	1
3371	0
463	1
398	0
4047	0
2927	1
4123	1
4284	1
2438	0
4340	0
2467	1
2593	1
2821	0
141	0
1030	1
3227	1
4501	0
4279	1
1332	1
2616	0
3982	0
2505	1
1956	0
2543	0
4585	1
208	0
747	0
574	0
1090	0
4192	0
758	0
4335	0
4540	1
2603	1
1646	0
1911	0
1556	1
2669	1
4084	1
4624	1
3896	1
2938	1
4495	0
2820	1
4438	0
2942	0
3860	1
3166	0
325	1
3638	0
4367	1
1694	0
4623	1
4167	1
3228	1
1852	0
3221	0
2490	1
355	0
3403	0
4095	1
882	0
3766	0
169	0
4514	0
868	1
484	0
1378	1
3456	0
530	1
2936	0
4693	1
3809	0
4727	0
438	1
4732	1
4308	1
200	1
3378	0
2128	0
2828	1
2599	1
388	0
2226	0
4720	1
2973	0
517	1
156	1
4321	1
3968	0
3512	1
1857	1
31	0
3485	1
429	0
1473	1
3248	1
3206	0
915	0
2735	1
734	0
3212	0
1182	1
1678	1
2643	1
3465	0
3136	1
2693	1
3889	0
2630	0
1452	0
3481	0
2548	0
711	1
4496	0
4685	1
2812	1
2118	0
2030	1
880	0
4431	0
3053	0
493	0
1861	0
4537	1
2758	0
2866	1
2398	1
2646	0
2890	0
3385	1
976	0
1459	0
1349	1
375	1
555	0
1409	0
3343	0
4615	1
2033	0
393	1
4690	1
3590	0
857	0
2193	1
1873	1
491	0
4059	1
2315	1
3259	0
4748	1
2453	0
2163	1
2568	0
2695	1
3815	0
2501	1
4028	1
3136	1
277	0
3512	1
3778	0
2909	1
3140	1
1714	0
4137	1
3078	1
4164	1
1322	0
4423	0
789	1
776	0
1958	0
2710	1
3424	0
1113	1
3851	0
374	1
38	1
1091	0
4646	0
2345	1
1034	0
2595	0
3024	0
855	0
2964	1
2081	0
1870	0
4158	1
4551	0
4271	0
3429	1
1865	0
2836	1
4059	1
2718	0
1981	1
3965	1
3589	0
1891	0
2311	0
4021	1
1149	0
2474	1
1025	0
249	1
4174	1
1008	1
1186	1
924	1
2276	0
2868	0
3158	0
2107	0
4623	1
2749	0
1808	0
375	1
1466	0
2227	1
3686	0
2335	0
1538	1
1967	0
282	1
980	0
388	0
2842	1
1014	0
988	1
4412	0
1427	1
4245	1
3338	0
2520	1
577	1
2528	1
2044	1
4126	0
4679	1
1119	1
1563	0
2927	1
2474	1
2275	1
1611	1
2287	0
2685	1
3669	1
538	0
2278	0
4502	0
2743	1
385	0
685	1
4000	0
3878	0
2690	0
1092	1
186	0
4115	1
3000	0
2995	0
1892	1
2460	0
4375	1
1487	1
2420	0
2336	0
127	0
2977	0
3026	0
3474	0
1737	0
1248	1
4618	0
1140	1
1362	0
4743	1
1873	1
3951	1
831	1
4205	1
4585	1
2119	0
2912	1
2263	0
4013	0
3418	1
2974	1
3628	1
3585	0
1709	0
576	1
1124	1
4224	0
1334	0
993	1
1066	1
1816	0
3665	1
4236	1
1857	1
1574	1
4378	1
3015	0
1180	1
3836	1
4659	0
1996	1
3234	0
3282	1
3536	1
2173	1
1369	0
1050	0
740	0
1847	0
2368	0
678	1
4061	1
2012	1
870	1
2168	0
2857	1
1572	0
2507	1
1611	1
2142	1
1184	1
1551	0
1589	1
3082	0
805	0
3746	0
238	0
2902	1
3146	0
716	0
2909	1
2667	1
3162	1
3341	0
4060	1
1181	1
2826	0
1779	1
2956	1
2321	1
1229	1
71	1
1459	0
454	0
2810	1
158	0
3545	0
4485	1
1784	0
3299	0
4393	1
879	0
3455	0
3304	1
190	1
8	1
2186	0
2558	1
4169	0
1152	0
2030	1
3516	1
1349	1
1664	0
2944	0
498	0
2223	0
1257	0
2194	0
2425	0
2755	1
4645	1
1668	1
3052	1
3506	1
959	0
1851	1
4010	0
918	1
1937	1
1059	0
4076	1
1490	1
4081	0
2482	1
3224	1
3644	0
641	1
972	0
1585	1
1359	1
1570	0
4095	1
3786	1
3721	0
2041	0
3538	0
870	1
3735	1
4121	1
2052	0
2757	0
341	1
1998	1
4329	0
1923	1
1058	0
1254	1
1635	0
3570	1
3631	1
865	1
2550	0
694	0
3765	1
1076	0
2390	1
1576	0
823	0
3301	1
3388	0
4588	0
4427	0
2203	0
1454	1
1319	1
1623	0
4205	1
3922	1
532	1
195	0
2759	0
280	1
389	0
4401	0
168	0
2355	1
3284	1
1513	0
987	0
3390	0
3696	0
227	1
1439	1
1477	0
2318	1
4589	1
3936	1
3347	0
1481	0
3631	1
2941	1
1779	1
1501	0
2344	1
1378	1
4584	0
91	0
2187	0
3021	0
451	0
1500	0
1746	1
3279	0
1468	1
1707	1
3807	0
1087	0
3586	1
2072	0
439	1
1355	1
3375	1
4464	1
2950	1
1782	1
829	0
3858	0
2691	0
3612	1
3983	1
1701	0
911	0
3327	1
2151	0
461	1
2103	0
2855	0
4145	0
1626	0
1110	1
4319	1
4456	0
4748	1
2998	1
978	0
2190	0
163	1
4127	0
1058	0
2271	1
1529	0
2900	0
627	0
2785	0
4326	1
4665	1
2515	0
4740	1
1278	1
1259	0
2299	1
687	1
4231	0
449	1
2085	0
3838	0
1880	1
1337	1
1792	0
3290	1
251	0
2575	0
1878	0
528	0
1828	0
2960	0
4065	0
2792	0
215	0
3621	1
1826	1
2290	0
1899	1
2358	1
2680	1
818	1
3737	1
2	0
4163	1
746	0
790	0
3634	0
3634	0
1920	1
1793	0
2933	1
3568	1
3195	1
3822	0
3448	1
673	1
2912	1
2111	1
2095	1
3215	1
1311	1
1315	0
3681	0
3638	0
4648	1
4002	1
673	1
2363	1
3091	1
1395	0
841	0
1188	0
3108	1
4228	1
2643	1
2971	1
833	0
1073	1
2536	1
2846	1
739	0
4453	1
4032	0
1699	0
3254	1
4587	0
1123	0
3550	1
1305	1
4704	1
769	1
1826	1
3041	0
1427	1
3706	0
552	0
3722	1
626	1
3984	1
1271	0
1585	1
339	1
2348	1
4417	0
849	0
459	0
721	1
2366	0
2971	1
2248	1
2297	0
1067	1
3175	0
3770	0
4248	0
142	1
343	1
4187	0
1573	0
4273	1
2359	1
4281	1
3109	1
2109	1
4467	0
1579	0
694	0
2426	1
4460	1
3147	1
4044	1
3349	0
1359	1
3594	1
1284	0
981	1
3100	0
4602	1
163	1
1203	0
1223	1
995	0
3745	1
1956	0
2932	1
2687	0
4224	0
1973	0
4336	1
946	0
1935	1
243	0
4738	1
3114	1
245	1
838	1
594	0
1895	1
2768	0
4257	0
3823	1
2387	0
2654	0
2095	1
1044	0
4164	1
2388	0
2536	1
3645	0
3677	1
4095	1
3636	0
4059	1
3865	1
4229	0
522	0
2638	0
495	1
32	0
2031	0
932	0
2218	0
2250	0
4449	1
4685	1
141	0
2604	1
4694	0
3243	0
25	0
3932	0
3047	0
875	0
82	0
396	1
133	1
4229	0
1584	1
3025	0
2428	1
592	1
2217	0
1026	1
776	0
4457	0
187	1
4504	1
4228	1
2895	1
1174	0
305	0
311	1
872	0
3791	1
4177	1
2724	1
3745	1
3483	1
701	0
1896	1
2798	1
487	0
1056	0
353	0
4742	0
3980	0
571	1
3940	0
1313	0
444	0
787	0
3467	0
2808	1
2022	0
4488	1
2875	1
2319	1
4697	0
2516	1
1801	1
1748	1
1223	1
2174	1
4509	0
3405	0
3601	1
343	1
1711	1
1748	1
4215	1
4539	1
4366	1
4636	0
2461	0
2637	0
1161	1
3218	0
1423	1
1761	1
3285	1
1651	0
3906	1
825	1
1163	0
824	1
4235	0
3630	1
3798	1
3137	0
2057	1
3289	0
3457	1
2034	0
4721	0
4685	1
3387	1
1020	1
1645	0
1867	1
2998	1
2715	0
2860	0
3926	1
974	0
4622	0
142	1
2916	1
1427	1
2032	1
530	1
2914	1
3917	0
1063	1
4045	1
4318	1
1732	0
268	1
2169	0
2880	0
2343	0
4616	1
504	0
3325	1
1496	0
4425	0
1541	0
1348	1
1886	0
1774	0
216	0
268	1
3033	1
602	1
4259	0
609	1
4128	1
2168	0
94	1
963	0
3584	1
1586	1
495	1
1775	0
3906	1
1113	1
4323	1
3079	0
293	1
3862	0
655	1
3600	1
4097	0
950	1
3218	0
3108	1
4019	1
4026	1
945	0
540	1
3888	1
1868	1
2918	0
4049	1
4137	1
18	0
3375	1
2076	1
2290	0
4222	0
1249	0
3513	1
3414	1
3612	1
3859	1
2781	1
3207	0
1928	0
3114	1
354	1
3215	1
3373	0
1256	1
1955	0
4489	1
3335	1
1121	0
1049	0
3393	0
3582	1
1644	1
233	1
1942	0
3616	0
3561	1
2223	0
3688	1
2029	1
2357	0
2273	0
4097	0
2902	1
3648	1
2566	0
4196	0
2517	1
2546	1
1445	0
404	0
682	0
369	1
2956	1
3774	1
72	1
4199	1
4072	0
4043	1
4738	1
828	0
1433	1
4658	1
3806	1
3500	0
4526	1
3732	0
763	1
738	1
609	1
1877	1
1860	0
3132	1
981	1
3818	0
2516	1
4203	1
4674	0
132	1
4171	0
815	0
2691	0
3066	0
639	1
3639	0
3441	0
4281	1
3783	1
3997	0
3578	1
3051	0
4114	1
4121	1
131	0
2798	1
1313	0
930	0
1469	0
2666	0
3929	0
4173	0
3593	1
1494	0
119	1
3022	1
1865	0
3005	0
654	1
3459	0
1061	0
2500	1
4713	1
4141	1
3330	1
1585	1
4108	0
4316	1
2562	0
2364	1
1227	1
3300	0
1934	0
4132	0
4371	1
256	1
3048	0
1665	0
1749	1
2111	1
1375	0
411	1
3422	0
928	0
1234	0
3255	0
3548	0
3644	0
584	0
4027	1
174	0
2580	1
2796	0
4346	0
1804	0
3603	0
3240	1
203	0
3994	1
1723	0
2683	0
4085	1
1747	0
3085	0
1705	0
3931	0
1436	1
1246	1
359	0
1694	0
3308	0
1166	1
3904	1
104	0
3037	0
846	0
3519	0
958	0
2596	1
3711	0
3676	0
3191	0
4608	0
2791	0
654	1
249	1
172	1
2303	0
1066	1
488	0
2260	0
3581	0
2381	0
1724	0
2288	1
2549	0
1905	0
750	1
765	1
1607	1
1671	0
1652	1
3528	1
3913	0
1125	0
1901	1
1368	0
192	1
3997	0
3970	0
2611	0
2653	0
1964	0
3496	1
3104	0
3216	0
3897	0
3147	1
1054	0
425	0
3915	1
3952	1
249	1
1402	0
1380	0
247	1
2591	1
2431	0
992	1
2271	1
72	1
1040	1
2989	0
210	0
2260	0
2981	1
1087	0
1997	1
1816	0
2981	1
1766	0
4720	1
77	0
3245	0
1164	1
262	0
3033	1
1320	1
4734	1
1477	0
1969	1
3071	0
3060	1
1590	0
2698	1
1672	0
2729	1
2266	0
2828	1
1691	1
4100	1
2459	0
4405	0
2008	0
2736	1
1414	0
270	0
533	1
3568	1
430	0
3079	0
1603	1
1041	1
1540	1
4429	1
96	0
3285	1
1140	1
3851	0
4328	1
247	1
3016	1
2220	1
122	0
4193	0
1164	1
1642	0
4519	1
2284	1
560	1
4420	0
1011	0
4456	0
379	0
2863	1
4188	0
229	0
1294	0
4607	0
2906	1
2657	1
2064	0
436	0
4297	1
2564	0
234	0
2644	0
2526	1
4424	1
2393	0
227	1
3141	0
4570	0
587	0
1960	0
4172	0
333	0
2532	1
1488	0
2951	1
3484	1
2313	0
2262	1
4318	1
2724	1
1280	1
2573	1
3748	1
3669	1
2954	0
1520	1
815	0
1112	0
3717	0
1157	0
115	0
172	1
3466	0
3157	0
2194	0
33	0
4002	1
2303	0
634	0
3094	1
1176	0
1684	0
2397	0
966	1
1102	1
886	1
4628	0
4105	0
4014	0
2438	0
3506	1
3951	1
2264	0
1586	1
526	0
3496	1
1965	0
3578	1
3549	0
3739	1
1296	1
2313	0
1275	0
2408	0
4148	0
2660	0
4211	1
3884	0
3237	1
1766	0
556	1
3390	0
515	0
1224	1
3041	0
2737	0
4454	1
2415	0
3246	0
1462	0
962	0
4228	1
968	0
12	0
374	1
3128	1
767	0
1803	0
4483	0
402	1
3460	1
1971	0
4084	1
79	1
3054	0
1342	0
2306	0
3888	1
240	0
1556	1
3168	0
3275	0
3433	1
4082	1
750	1
4317	0
4038	0
1656	0
2372	1
1308	1
4523	0
592	1
1675	0
1624	0
4546	1
529	0
1698	0
3614	1
4745	0
3390	0
3580	0
139	0
2035	1
1035	1
730	0
1114	0
3021	0
1305	1
955	0
2147	0
1527	1
1858	1
1124	1
2319	1
664	0
1051	0
4093	0
3453	1
3058	0
4232	1
719	1
4316	1
4386	0
2068	0
3599	1
2876	0
481	0
4182	0
2843	1
4696	0
113	0
2378	0
3779	0
3198	0
1634	1
2935	0
1733	0
546	0
424	0
4282	0
3222	0
4377	0
4345	0
1916	0
247	1
3219	0
2363	1
1096	0
4191	0
1108	1
2698	1
1395	0
2770	1
1365	0
207	0
3032	0
2286	0
1548	1
2308	0
2803	1
288	0
793	0
3235	1
4723	0
3991	0
784	1
990	1
3130	0
3212	0
25	0
447	1
3697	0
2074	1
201	1
4545	1
1438	0
4534	1
2956	1
3107	0
2829	1
2136	1
4607	0
2767	0
1420	1
354	1
3049	0
3669	1
4276	1
2951	1
2556	0
3041	0
1133	1
3759	0
2468	1
3936	1
587	0
918	1
76	0
3588	0
2708	0
4018	1
1423	1
4202	1
988	1
264	1
556	1
2578	0
1241	0
1149	0
3069	0
4667	1
4396	1
1327	1
248	1
439	1
4698	0
2815	0
712	1
4394	1
3252	1
1605	0
2148	0
1938	1
4385	1
2079	1
2062	0
4393	1
4675	1
452	1
556	1
171	0
3926	1
3076	1
221	0
340	1
4510	1
1770	0
1670	0
1923	1
1603	1
4655	1
2294	0
4316	1
2363	1
3725	0
4554	0
4617	1
1110	1
4100	1
618	1
3809	0
1264	0
1648	1
3798	1
2625	1
2949	0
43	0
1073	1
4101	0
1024	0
1422	0
298	0
3930	1
4083	1
1870	0
983	0
296	0
2784	1
3098	0
448	1
1296	1
2778	1
4567	0
1230	1
676	1
3038	0
4549	0
3525	1
2659	1
1106	0
3262	0
533	1
4426	0
1169	1
9	0
3781	0
1446	1
1444	0
1929	0
3094	1
2271	1
1549	1
2853	0
692	0
4688	0
367	0
11	0
2680	1
1646	0
1167	0
3833	0
3162	1
4268	1
1450	0
3048	0
1986	1
1396	0
3442	1
4423	0
3656	1
4007	1
912	0
1373	0
3335	1
3188	0
3468	0
2157	1
1782	1
568	0
4168	0
839	1
565	1
936	1
3554	0
241	0
1406	0
4026	1
1604	1
4713	1
837	1
3719	0
3296	0
4481	0
4124	1
4558	0
3450	0
1893	0
4300	1
1133	1
2946	0
2631	0
4049	1
2474	1
1726	0
3009	0
4234	0
4133	0
3601	1
4571	1
4349	1
2109	1
254	0
1097	0
4160	1
2022	0
4477	0
3251	1
4370	1
860	0
4091	1
4525	1
4151	1
3687	0
1703	1
1498	0
26	0
4375	1
3056	0
2361	1
1274	1
2957	1
2257	0
3225	0
3847	1
754	1
2390	1
697	0
1111	1
3394	1
2680	1
1782	1
170	0
2410	0
1206	0
4490	1
3622	1
1190	1
3480	0
1182	1
2919	1
3501	1
1556	1
2588	1
3571	1
3557	0
2884	1
4429	1
348	1
1941	0
3508	1
1757	0
2812	1
2035	1
1607	1
2881	1
3728	1
2152	1
4516	1
1289	0
2762	0
816	1
817	0
285	1
1974	0
2296	0
2743	1
4051	1
256	1
3706	0
2182	1
2848	0
1812	1
4550	0
4671	0
4484	1
3301	1
4170	1
1950	0
3609	0
3048	0
4229	0
4236	1
2804	1
3202	0
2390	1
3247	1
1411	0
4036	1
4636	0
3498	1
4744	1
2000	0
3383	0
6	1
1647	1
921	1
2398	1
2773	0
3299	0
3828	0
1566	0
2284	1
1050	0
3680	0
3713	1
2624	1
530	1
2148	0
955	0
3404	1
2965	1
3742	0
4054	1
547	0
124	0
859	0
41	0
3046	0
3631	1
2312	1
577	1
676	1
3712	1
1126	0
2566	0
3269	0
4520	0
1822	0
2884	1
499	0
4576	0
3212	0
1704	1
4492	1
3737	1
3944	1
4018	1
64	1
3572	1
1956	0
129	0
373	0
4005	0
617	1
3974	1
