3985	1
3410	1
419	1
1331	0
673	0
1321	1
1964	0
136	0
3132	0
712	1
1801	1
936	1
3808	1
4615	1
1317	0
1280	1
3231	1
4226	1
268	1
2599	0
4513	1
4526	1
4098	1
4589	1
3242	0
1071	0
1938	0
2907	0
2833	1
2917	1
638	1
4304	1
4374	1
2530	1
3266	1
1364	1
2916	1
30	1
1111	1
699	1
3848	1
1026	1
2541	1
2288	0
2531	1
3983	1
1029	0
1296	0
3536	0
2635	1
2044	1
1132	0
448	1
1548	1
2324	0
2624	0
1158	0
712	1
3418	1
703	1
3231	1
619	1
4506	1
1351	0
2426	0
2881	1
2958	1
1826	1
4484	0
703	1
2504	1
4589	1
2361	1
1997	0
4036	1
3599	0
1015	1
1548	1
2469	1
1356	0
295	0
4641	0
3594	1
1858	0
2866	1
2843	1
3766	1
1826	1
3457	0
2517	1
2918	1
571	0
3985	1
3536	0
3418	1
3420	1
1634	0
1466	1
1132	0
4680	0
299	1
4624	1
1317	0
4463	1
1280	1
1280	1
821	0
721	1
3798	0
1753	1
2170	1
1644	0
277	1
3288	1
1186	0
3033	0
612	1
703	1
511	1
2974	0
2530	1
1556	0
2849	1
791	0
3033	0
791	0
3954	1
3611	0
1421	0
4713	0
1516	0
712	1
1880	1
722	0
60	0
1993	1
2806	1
2950	1
285	0
3194	0
791	0
2353	1
1378	1
3237	1
4750	1
136	0
673	0
2721	0
4395	1
1879	0
638	1
926	0
1832	1
918	1
1832	1
3	1
1729	0
988	0
1169	0
2185	1
507	0
1351	0
519	0
2360	1
3650	1
673	0
1644	0
2974	0
2375	1
2200	0
187	0
4713	0
924	1
559	1
4513	1
61	0
2295	0
1141	0
2972	1
248	0
1332	0
3669	0
4350	1
1421	0
534	0
559	1
4666	0
2932	1
1858	0
821	0
1467	0
4615	1
1183	1
2958	1
540	1
2593	0
2857	0
4463	1
14	0
3094	0
1917	0
1826	1
4153	1
3708	1
4220	0
1148	1
4307	1
1560	0
4543	1
2626	1
1355	1
3670	0
2743	0
1779	1
1420	1
582	1
2172	1
3023	1
1274	0
1778	0
703	1
1647	1
606	1
2626	1
447	0
4712	0
341	0
1210	0
2981	1
4158	0
2531	1
3570	0
4540	1
3237	1
1748	1
2299	0
4142	0
4304	1
1274	0
1516	0
1122	0
227	0
821	0
1170	1
2414	1
295	0
1713	1
619	1
1338	1
2326	1
2808	0
1260	0
1843	1
4492	1
4670	1
357	0
1066	1
2528	1
1997	0
290	0
577	1
1435	0
1880	1
1426	1
2200	0
2752	1
1223	0
2094	1
2531	1
2517	1
1858	0
190	1
518	1
1351	0
2501	1
1435	0
293	0
3156	1
703	1
4624	1
2172	1
2193	1
3428	0
638	1
1227	1
3199	0
3226	0
461	0
595	0
1527	0
1113	1
3314	0
4680	0
571	0
322	1
1332	0
3665	0
1158	0
711	1
2517	1
2517	1
132	0
227	0
1634	0
811	1
2517	1
1556	0
3110	0
70	0
2410	1
2910	1
2405	0
3335	0
4616	1
2093	1
699	1
4729	0
675	0
2184	1
2093	1
3650	1
1351	0
2972	1
828	0
2544	1
3848	1
1574	1
2906	0
3418	1
2906	0
3183	1
4702	0
1260	0
1223	0
722	0
2894	1
821	0
3204	1
3630	1
2958	1
685	0
1186	0
2804	1
2454	1
3387	1
936	1
2531	1
2950	1
2812	1
4393	0
1912	1
2528	1
3109	0
3288	1
601	1
3967	1
1274	0
1215	0
285	0
2516	1
4615	1
1246	0
4615	1
1266	0
751	1
3351	1
4385	1
2528	1
4490	0
2029	1
3404	1
3128	0
1912	1
4513	1
1183	1
4667	1
3173	0
4490	0
1692	1
2806	1
950	1
1332	0
2526	0
361	0
4397	1
1548	1
4492	1
227	0
2528	1
341	0
936	1
1029	0
447	0
187	0
3992	0
1879	0
1141	0
2112	1
1832	1
2528	1
2026	0
1779	1
2170	1
1880	1
556	1
3550	0
380	1
2360	1
2833	1
3899	0
2921	1
1691	1
1424	0
149	0
2124	0
3335	0
2538	1
1421	0
3728	1
2752	1
184	0
1956	1
3603	1
3895	1
2395	1
2803	1
4336	1
269	1
992	0
3314	0
3109	0
816	1
1351	0
4220	0
1165	1
1583	1
2910	1
2124	0
190	1
950	1
3059	0
4540	1
2894	1
1426	1
2321	1
1421	0
2599	0
2248	0
906	1
4513	1
1106	0
818	1
3028	1
4174	0
4432	0
83	0
1332	0
2017	1
341	0
4164	0
1094	0
3	1
4304	1
2152	1
2321	1
721	1
821	0
924	1
460	0
4684	0
2622	1
3253	0
3302	1
3985	1
743	1
4666	0
1400	1
2894	1
3871	1
3140	0
2808	0
3906	1
4641	0
2907	0
1383	1
2588	1
3110	0
4666	0
2361	1
1516	0
4328	0
2598	0
4181	1
132	0
273	0
228	0
227	0
3109	0
950	1
1246	0
1274	0
2743	0
2516	1
1433	0
1870	1
290	0
1867	0
1029	0
1912	1
2030	0
1527	0
391	0
1246	0
936	1
4304	1
1941	1
1317	0
4602	0
3722	1
738	1
4307	1
3607	1
559	1
2904	0
2972	1
2454	1
2553	1
3582	1
2974	0
1560	0
248	0
2721	0
3457	0
2917	1
950	1
2958	1
2314	1
2336	1
2118	1
256	1
4666	0
722	0
3600	0
354	1
3511	0
722	0
2361	1
4702	0
3650	1
4617	1
699	1
1274	0
1872	0
1895	0
4232	0
4729	0
1880	1
439	1
1158	0
655	0
3241	1
4312	1
1629	1
3895	1
4153	1
1260	0
4447	0
2691	1
273	0
2056	0
1071	0
2360	1
988	0
518	1
1997	0
1357	1
2499	0
460	0
1677	1
4535	0
4203	1
293	0
1634	0
570	1
1339	0
1560	0
