2974	1
4328	0
1858	0
293	0
2414	1
3871	0
1832	1
1296	0
2720	1
3079	0
738	1
2200	0
273	1
1015	1
3405	0
3173	0
3327	0
1826	0
2884	0
3985	1
3722	1
1501	0
2017	1
3387	1
1303	1
1072	0
924	1
2848	0
2907	1
1015	1
2104	0
3983	1
1280	1
439	1
3631	0
2576	1
1241	0
2894	1
791	1
811	1
1843	1
4666	1
273	1
2006	0
631	0
447	0
906	1
184	1
1465	0
2881	0
3287	0
2359	0
1574	1
1332	1
2968	0
3936	0
1872	1
721	1
750	0
1919	1
4492	1
3665	0
1260	0
3099	0
3109	0
1076	0
3572	0
2933	1
341	0
4018	1
445	0
3944	0
2599	1
1378	1
1888	0
4128	1
655	0
2406	1
1964	0
3583	1
2691	0
4196	0
4220	0
2593	0
3872	1
2039	0
1644	0
2504	1
4702	0
4226	1
2932	1
2629	1
3785	0
184	1
738	1
2752	1
3808	1
1642	0
1435	0
1677	1
2353	0
1560	0
1132	1
4349	1
2029	1
1274	1
4039	0
3965	0
2626	1
2596	0
2299	0
2406	1
1311	1
643	1
3448	0
228	1
290	0
1158	1
1094	0
2884	0
1644	0
2026	0
619	0
4158	0
3518	0
2803	1
2721	1
460	1
2972	1
4312	0
2530	1
1139	1
3811	0
1170	1
1317	0
1798	0
534	0
1677	1
4129	0
1026	1
1604	0
613	1
3594	0
14	0
4750	1
3599	0
3899	1
303	0
