1378	1
1183	1
2117	0
293	1
380	1
4729	1
83	1
2029	1
1832	1
4588	0
3583	1
1350	1
4257	0
2335	0
1899	1
2691	0
1628	0
2988	0
507	1
4309	0
3774	1
4365	0
3457	1
4039	0
1576	0
2683	0
3675	0
2498	0
4475	0
4144	1
4096	0
613	1
1413	0
1737	0
4463	1
4492	1
4035	0
213	0
419	0
439	1
1533	0
2458	0
4146	1
4608	0
4369	0
870	1
447	1
795	0
4717	0
2528	1
4568	0
2588	1
3482	1
3893	0
1795	1
3204	0
4438	0
1886	0
3811	0
2084	0
1852	0
847	0
4713	1
2152	1
4684	0
1317	1
4337	0
3581	0
3495	1
2598	1
2457	0
2026	0
1875	0
2775	0
4239	0
3434	1
2141	0
2608	0
1779	1
1904	0
1279	0
4236	1
373	0
992	1
2608	0
560	1
3774	1
1351	1
2586	1
2469	1
3466	0
3983	1
4300	1
3650	1
4454	1
3290	1
1155	0
427	0
4180	1
1536	0
2244	0
1185	0
1444	0
2374	0
3291	0
2526	1
1029	1
213	0
1647	1
114	0
3351	0
2482	0
1949	0
3362	1
2622	0
2107	0
1691	1
4631	0
2657	1
3610	0
248	1
2988	0
3607	0
980	0
1668	1
4130	1
2389	0
4035	0
945	0
4066	0
3256	0
1574	1
1205	1
4259	0
4508	0
636	0
277	0
126	0
1799	0
1632	0
323	0
4476	1
2248	1
4337	0
3716	1
1190	1
198	1
226	0
4181	0
422	0
2531	1
2456	1
2863	1
3992	1
4631	0
1426	1
4008	0
53	0
4179	0
2076	1
3671	0
486	0
3352	0
2858	0
2849	1
2504	1
582	1
2968	0
1766	0
3955	1
1113	1
1527	1
3908	0
783	0
57	0
3286	1
270	0
4465	0
3630	1
3013	0
1129	1
811	1
497	1
3156	1
3349	0
992	1
1586	1
3918	0
4526	1
1926	0
1186	0
3745	1
4128	1
273	1
152	0
1816	0
2670	0
4616	1
3215	1
4439	0
2539	1
1358	0
439	1
2655	0
4348	0
4348	0
789	1
1831	0
4619	0
1735	1
902	0
3848	1
3594	1
3434	1
738	1
1420	1
4090	1
187	0
436	0
697	0
3773	0
3623	1
3594	1
1256	1
888	0
648	0
4631	0
4367	1
1246	1
3572	1
2152	1
2624	1
2020	0
4304	1
4564	0
1279	0
1317	1
4448	0
4545	0
213	0
2326	0
2904	1
1184	0
2035	0
1685	0
429	0
4680	1
1170	1
4098	0
3992	1
1884	0
2234	0
3607	0
3424	0
645	0
3359	0
2958	1
3091	1
2032	1
4616	1
4529	0
4226	1
439	1
2812	1
3700	0
2471	0
4017	0
2950	1
1618	0
871	0
2359	0
1748	1
65	0
269	1
2400	0
4615	1
580	0
4206	0
1735	1
3076	0
3268	0
1556	1
447	1
1662	0
3572	1
3550	1
3486	0
1974	0
2591	0
750	1
2709	0
2781	1
453	0
3995	0
3387	1
758	0
1284	0
4374	1
906	1
2613	0
560	1
826	1
3905	1
2775	0
1053	0
2038	1
1120	0
3761	0
3387	1
3293	0
704	0
1971	0
1609	0
1056	0
3059	1
4535	1
285	0
1223	1
1071	0
3349	0
1311	1
466	0
763	1
835	0
2402	0
3628	1
3851	0
2530	1
3215	1
3141	0
767	0
4136	0
3033	1
1694	1
2577	0
432	0
1899	1
3160	0
3329	0
112	0
1498	0
3965	1
486	0
3	0
256	1
2987	0
3288	1
3287	1
2974	1
4233	0
136	1
3917	0
1032	0
136	1
1536	0
1896	1
3713	1
1118	1
3745	1
2155	0
3763	0
1814	0
587	0
2360	1
60	0
2752	1
4617	1
3511	1
422	0
1170	1
1266	0
4588	0
3010	1
3338	0
2804	0
1628	0
1	0
2394	0
1827	1
1790	0
946	0
2899	0
1053	0
2907	1
2772	0
657	0
3827	0
783	0
800	0
2942	0
1001	0
3023	0
4344	0
2921	1
377	0
1843	1
390	0
1076	0
4336	1
2918	0
4562	0
3872	1
4405	0
1066	1
1497	1
4018	1
613	1
2147	0
3033	1
3282	1
4236	1
1516	1
3335	1
1332	1
1087	0
346	0
1917	1
3661	0
988	1
3551	0
3794	0
497	1
30	1
228	1
950	1
2456	1
939	0
3905	1
4474	0
2321	1
450	1
227	1
738	1
4535	1
3759	0
1778	1
2656	0
4575	0
4631	0
3811	0
1548	1
4429	1
3848	1
1106	0
3986	1
1751	0
3457	1
1964	0
818	1
4404	0
2981	1
1427	0
4540	1
1184	0
3830	0
3	0
2599	1
818	1
4533	1
227	1
1895	1
1206	0
4473	0
2881	0
1762	0
791	1
4336	1
2693	1
1527	1
1317	1
1583	1
3237	1
323	0
1074	0
114	0
4286	1
3028	1
1577	0
1146	0
2695	1
208	0
4276	1
4425	0
663	0
1355	1
4402	1
1886	0
2833	1
2873	0
511	0
2074	1
2862	0
692	0
228	1
182	0
2217	0
439	1
3810	0
3502	0
559	1
2514	1
75	0
2691	0
3335	1
1837	0
3611	1
318	0
1122	1
1186	0
3665	0
924	1
2024	1
480	0
3722	1
562	0
4619	0
4188	0
1574	1
3286	1
2482	0
2894	1
2693	1
3697	0
3460	1
3884	0
2648	0
2424	0
832	0
609	0
3833	0
3481	0
2056	1
4131	0
4635	0
2516	1
1438	0
4456	0
2933	1
4593	0
3091	1
3955	1
2803	1
2459	0
3898	0
2917	1
4218	1
858	0
4163	1
573	1
3112	0
1333	1
4241	0
2752	1
150	0
1938	1
4189	0
106	0
2957	1
3893	0
3256	0
1532	0
2657	1
4712	0
2693	1
1716	0
4750	1
4095	1
2361	1
1356	1
2824	0
4079	0
4163	1
3204	0
3899	1
3215	1
2526	1
3362	1
3370	1
4034	0
2760	0
4374	1
2336	1
3611	1
894	0
2872	0
3164	0
1435	1
1173	0
3193	0
565	1
1937	1
1737	0
4212	0
1389	0
1389	0
3983	1
3872	1
3405	0
4646	0
3370	1
638	1
299	0
2665	0
4170	1
2032	1
4719	0
2778	1
1303	1
4304	1
3785	0
3094	1
662	0
821	1
1153	1
4024	0
821	1
995	0
2112	1
857	0
4164	1
1577	0
2693	1
3882	0
795	0
2062	0
3128	1
2321	1
412	0
2299	1
3917	0
570	0
4501	0
4158	1
243	0
4406	0
3337	0
2664	1
1467	1
3266	1
3405	0
3356	0
2345	1
4185	0
4104	1
2044	1
4174	0
2019	0
2142	1
842	0
3798	0
2328	0
4186	0
419	0
3990	0
3670	1
2580	1
638	1
3404	1
2765	0
295	1
1260	1
531	0
3663	0
3505	0
140	0
1066	1
3890	1
3327	1
407	0
4263	0
285	0
4545	0
4593	0
2013	0
4393	1
4543	0
4329	1
1552	0
2806	0
1614	0
783	0
1569	0
4522	0
1735	1
4648	1
1272	0
2692	1
3868	0
1903	0
582	1
4128	1
3107	0
2156	0
3128	1
3426	0
3864	0
3967	1
4540	1
2942	0
1423	1
3918	0
2843	1
2873	0
213	0
4483	0
2849	1
1295	0
1423	1
2538	1
853	0
3871	0
2290	1
2044	1
1664	0
2094	1
3410	1
2190	0
1606	0
556	1
2212	0
2867	0
1634	1
3352	0
4540	1
1072	0
2185	1
3253	1
4312	0
2943	0
2917	1
3543	0
4119	1
3114	1
3194	0
1834	0
2458	0
3431	0
1753	1
1870	0
2721	1
1111	1
3202	0
2426	1
3140	1
4668	0
1223	1
2172	1
555	0
3983	1
592	1
2112	1
2871	0
3785	0
3671	0
3451	0
2950	1
3121	0
118	0
788	0
3597	0
1087	0
3986	1
4670	1
4400	1
646	0
4717	0
818	1
4199	1
448	1
290	1
655	1
2094	1
3079	0
2068	0
3502	0
2044	1
4270	1
990	1
1497	1
3874	0
2170	1
4667	1
4562	0
2884	0
2161	0
347	0
1292	0
1797	0
1609	0
1692	1
2356	1
2633	1
4569	0
1025	0
1183	1
1191	0
1383	1
507	1
2593	1
3635	0
3951	1
4142	1
1311	1
1664	0
1054	0
1113	1
4463	1
675	1
1899	1
4433	0
1467	1
2076	1
680	1
439	1
2321	1
1993	1
647	0
4544	0
355	0
3872	1
2170	1
3347	0
2487	1
3567	0
2918	0
1005	1
4463	1
4668	0
1814	0
4635	0
2066	0
2009	0
4670	1
1998	1
3407	0
3173	1
4410	0
556	1
3785	0
2400	0
1604	0
2921	1
1908	0
4704	1
2290	1
631	0
561	0
3463	0
1165	0
3034	1
1822	0
507	1
3366	0
2435	0
4350	0
1158	1
335	0
2100	0
3631	1
3890	1
2684	0
2244	0
117	0
3441	0
418	0
2019	0
341	1
3353	0
490	0
1331	1
1120	0
2918	0
2884	0
4300	1
2094	1
3955	1
3029	0
565	1
1141	1
3518	0
657	0
4330	0
1284	0
1528	0
2721	1
1289	0
4406	0
4003	1
2580	1
2752	1
2410	0
1498	0
3425	0
3440	0
4526	1
1421	1
2075	0
2019	0
3518	0
4226	1
3754	0
3488	0
4612	0
1139	1
3145	0
1677	1
2200	1
2405	1
4367	1
2580	1
3141	0
3845	0
3665	0
165	1
21	0
4379	0
2271	1
1935	1
1139	1
64	1
2779	0
2406	1
293	1
621	0
2311	0
4562	0
1797	0
1956	0
1183	1
1937	1
1526	1
4146	1
2574	0
1012	0
1289	0
1457	0
64	1
2406	1
2314	0
572	1
1758	1
3626	0
3305	0
3948	0
3110	1
1552	0
369	1
1266	0
2891	0
655	1
3765	0
2939	0
3768	0
355	0
341	1
630	0
2646	0
631	0
4186	0
2033	0
3362	1
2863	1
1758	1
3286	1
2411	0
1778	1
2048	1
2541	0
778	0
1132	1
4378	1
2975	0
208	0
1025	0
1941	0
58	0
4526	1
3095	0
2185	1
2142	1
146	0
434	0
3203	0
1303	1
1332	1
1647	1
4653	0
3852	0
2184	0
1956	0
1779	1
1092	1
4524	1
2917	1
1586	1
3695	0
2554	0
1577	0
1740	1
4602	1
4368	0
1055	0
4415	0
460	1
2877	0
1296	0
1556	1
3343	0
2713	1
3695	0
3250	1
1155	0
3576	0
1067	1
2785	0
2539	1
4476	1
4351	0
1339	1
187	0
1215	1
3459	0
4010	0
3808	0
4476	1
715	0
2624	1
21	0
2972	1
4659	0
256	1
2075	0
3848	1
1896	1
3345	0
1959	0
2361	1
649	0
2910	1
3335	1
1560	1
1400	1
2950	1
812	1
1743	0
3282	1
1753	1
1333	1
2387	0
4096	0
2713	1
1634	1
2665	0
477	0
3316	0
1248	1
1420	1
2593	1
2576	1
4199	1
1497	1
3281	0
2528	1
3028	1
1717	0
3047	0
992	1
1228	0
2029	1
345	0
3728	1
26	0
556	1
1560	1
3985	1
3761	0
3666	0
3717	0
3114	1
3246	0
4473	0
1078	1
2454	1
818	1
3159	0
2227	1
246	0
373	0
3906	1
4166	1
2607	0
740	0
1944	0
2304	0
2594	1
1332	1
860	0
1186	0
2797	1
3098	1
3418	1
595	0
1240	0
3600	1
347	0
361	1
2296	0
1338	1
3486	0
3170	0
3421	0
612	1
3599	1
3242	1
1870	0
1364	0
3827	0
2487	1
2950	1
4535	1
3585	1
2772	0
1919	1
4498	0
1899	1
601	1
3831	0
685	1
2779	0
2066	0
770	0
369	1
1729	1
859	0
3656	1
3722	1
789	1
256	1
2720	1
2389	0
1912	1
3678	0
1321	0
3894	0
1685	0
2743	1
1331	1
1519	0
4731	1
1560	1
3302	0
1917	1
2891	0
1964	0
432	0
889	0
3852	0
3405	0
3567	0
2916	1
4129	0
1526	1
1644	1
990	1
4309	0
3331	0
2598	1
1430	1
1843	1
4666	1
4189	0
712	1
1005	1
2167	0
2514	1
3154	0
770	0
1886	0
30	1
1977	0
2681	0
2670	0
4747	0
870	1
1106	0
4158	1
2049	0
2516	1
664	0
4750	1
738	1
2018	0
4337	0
2629	1
3205	0
3211	0
3650	1
286	0
133	1
1378	1
1664	0
540	1
3607	0
2391	0
3457	1
2459	0
3125	0
1325	0
1248	1
4702	1
3404	1
601	1
3553	0
4589	1
4192	0
4331	0
2261	0
638	1
1748	1
4492	1
2360	1
816	1
840	0
51	1
1884	0
3467	0
4518	0
3027	1
2608	0
1592	0
3888	1
1022	0
3059	1
1182	1
4259	0
4429	1
149	1
1632	0
1092	1
660	0
1648	1
2932	1
3967	1
4612	0
1586	1
2290	1
269	1
2074	1
3452	0
184	1
382	0
2877	0
797	0
1778	1
2414	1
2455	0
3668	0
2954	0
1241	0
1995	0
445	0
1047	0
1500	0
3594	1
1765	0
376	0
3415	0
2972	1
2530	1
750	1
4022	1
3599	1
1569	0
2541	0
3570	1
1077	0
888	0
532	1
1169	1
721	1
3894	0
4652	1
669	0
3331	0
2526	1
274	0
2950	1
1739	0
876	0
2534	1
1668	1
2394	0
1	0
3362	1
4128	1
3343	0
2403	0
2941	1
2411	0
2693	1
4615	1
725	0
1376	0
717	0
60	0
673	1
2907	1
2078	0
2824	0
2410	0
1777	0
3899	1
1275	0
4590	0
2935	0
3474	0
3231	0
2514	1
2517	1
3562	0
1729	1
3347	0
992	1
4153	1
3399	0
3425	0
1424	1
2752	1
1330	0
562	0
3196	1
456	0
4719	0
1275	0
939	0
1022	0
4168	0
4513	1
2152	1
2093	1
1146	0
1992	0
1516	1
2870	0
1303	1
2140	0
2626	1
1148	1
1066	1
2355	1
2588	1
3109	1
2624	1
4729	1
1828	0
1410	0
3688	1
1642	1
8	1
433	0
2511	1
3688	1
4232	1
603	0
303	0
4616	1
1158	1
4591	1
1642	1
2843	1
3099	0
3114	1
2776	0
2356	1
2063	0
1302	0
1388	0
1858	1
1661	0
4666	1
3173	1
3059	1
677	1
4283	0
606	0
2544	0
680	1
4644	0
1964	0
3165	0
811	1
4393	1
3242	1
2721	1
1614	0
4457	0
2124	0
2858	0
2056	1
4441	0
3486	0
664	0
643	1
4174	0
3594	1
1797	0
3997	0
4447	1
2104	0
4684	0
4712	0
776	0
3954	1
4705	0
3753	0
27	0
2142	1
4422	0
778	0
2812	1
4492	1
133	1
2664	1
2112	1
3708	1
143	0
4104	1
4307	1
4283	0
4522	0
4569	0
3688	1
1531	0
538	0
1680	0
1295	0
848	0
4395	0
3600	1
27	0
1420	1
2387	0
806	0
751	1
546	0
427	0
1216	0
1202	0
2261	0
4367	1
1858	1
2046	0
3289	0
1779	1
858	0
1424	1
1491	0
2746	0
1025	0
751	1
2129	0
2193	1
4126	0
2246	0
2093	1
3133	0
2629	1
2596	1
2987	0
870	1
4020	0
2134	0
2899	0
2538	1
354	1
4723	0
1190	1
1957	0
3506	1
1351	1
703	1
1575	0
3702	1
4118	0
4153	1
1170	1
4163	1
849	0
2479	0
1590	1
1901	1
384	0
3414	1
3842	0
3965	1
3140	1
4378	1
1880	1
1911	0
1311	1
2355	1
380	1
4570	0
2894	1
2074	1
3459	0
3688	1
4473	0
2360	1
1993	1
2395	0
1430	1
532	1
2248	1
3246	0
4465	0
2161	0
555	0
4144	1
2931	0
3201	0
2613	0
1129	1
3572	1
2271	1
3132	1
1959	0
2629	1
1421	1
1015	1
3281	0
540	1
4512	0
612	1
1043	0
1536	0
1338	1
4666	1
3385	1
3160	0
3094	1
704	0
1083	0
1604	0
1501	0
408	0
108	0
2501	1
722	1
3196	1
2295	1
3953	1
2172	1
2074	1
1912	1
561	0
1694	1
1790	0
1586	1
1120	0
4454	1
2354	1
4286	1
677	1
4729	1
4590	0
4152	0
1332	1
4213	0
2830	0
2916	1
450	1
619	0
1260	1
303	0
4641	1
2093	1
1016	0
3221	0
662	0
2733	0
4447	1
1256	1
607	1
4666	1
3755	0
1872	1
1402	0
1223	1
4126	0
1550	1
3428	1
1227	1
1832	1
2747	0
962	0
27	0
4003	1
2504	1
722	1
4391	0
2010	0
1843	1
418	0
4540	1
27	0
1113	1
1099	0
2035	0
3895	1
2568	0
1867	1
3847	1
2921	1
3448	1
703	1
743	1
3765	0
4329	1
3495	1
2039	1
2910	1
125	0
380	1
3881	0
460	1
2038	1
4248	0
4437	0
2083	0
4704	1
1078	1
3995	0
2517	1
4615	1
3052	1
2178	0
3214	1
613	1
4707	0
4022	1
1210	0
4236	1
3388	0
816	1
812	1
4518	0
577	1
4405	0
1526	1
1037	0
1761	1
1971	0
1648	1
4622	0
3	0
3808	0
4644	0
1644	1
743	1
391	0
3665	0
1076	0
1872	1
1713	1
2227	1
1997	1
2146	0
3314	1
816	1
879	0
3194	0
1025	0
2808	1
3866	0
1360	0
3231	0
3237	1
3716	1
1173	0
2290	1
3488	0
4391	0
821	1
2336	1
3620	1
3951	1
1463	0
805	0
1586	1
3847	1
3028	1
4000	0
1937	1
2000	0
906	1
2974	1
2578	0
3281	0
3987	0
2720	1
83	1
532	1
1097	0
1853	0
1644	1
4484	1
4307	1
1466	1
3325	1
4259	0
4619	0
2405	1
133	1
3728	1
3985	1
721	1
2539	1
1329	0
4092	0
3831	0
407	0
4719	0
4564	0
3669	1
2526	1
3798	0
1837	0
1356	1
3543	0
2013	0
2615	0
4513	1
828	0
1956	0
1316	0
335	0
4008	0
419	0
1572	0
3290	1
2539	1
198	1
1274	1
1280	1
368	0
2403	0
3461	0
2897	1
1896	1
534	0
4126	0
4416	1
3511	1
4196	1
791	1
2538	1
1685	0
2871	0
2517	1
4350	0
2426	1
2124	0
571	1
2217	0
1210	0
1164	0
3410	1
3405	0
3406	0
2940	0
3992	1
3450	0
2665	0
83	1
1677	1
2469	1
3282	1
3944	1
3848	1
1872	1
636	0
3013	0
4379	0
4069	0
390	0
1079	1
2683	0
565	1
3183	1
1202	0
534	0
4684	0
811	1
369	1
4648	1
4034	0
606	0
3695	0
3766	0
4750	1
3585	1
1967	0
4432	0
1227	1
3810	0
3231	0
392	0
1329	0
4385	1
3268	0
3110	1
532	1
1837	0
277	0
286	0
2881	0
1215	1
743	1
2524	0
1971	0
1916	0
2299	1
1523	0
1246	1
4617	1
853	0
132	1
1357	1
2940	0
2904	1
1259	0
2288	1
2916	1
4147	0
2496	0
1735	1
1316	0
3387	1
3219	0
434	0
1593	0
929	0
100	1
1491	0
3881	0
2633	1
2622	0
2140	0
3242	1
978	0
1779	1
2193	1
2804	0
657	0
2260	0
354	1
4155	0
1223	1
4184	0
834	0
2628	1
3438	0
4304	1
2972	1
2181	0
1917	1
210	0
2778	1
3076	0
4526	1
1740	1
2378	0
721	1
4568	0
235	0
1516	1
1930	0
1853	0
1488	0
3362	1
1240	0
4369	0
3335	1
4712	0
2406	1
444	0
2930	0
3972	0
2790	0
4240	0
1931	0
3489	1
1280	1
1527	1
2220	1
3250	1
1691	1
2136	1
2227	1
2848	0
2812	1
3538	0
295	1
1351	1
1467	1
2599	1
3004	0
2030	1
3504	0
3506	1
4713	1
4506	0
1078	1
1982	0
1832	1
924	1
2999	1
791	1
1672	0
3721	0
8	1
612	1
4680	1
3651	0
534	0
2939	0
660	0
2052	0
3205	0
2014	0
2361	1
3691	0
699	1
2061	0
2009	0
1261	1
4098	0
855	0
2586	1
1058	0
447	1
2164	0
2007	0
4338	1
3670	1
826	1
1368	0
2164	0
2632	0
3515	0
3027	1
4036	1
2172	1
1447	0
2015	0
2456	1
3575	0
3871	0
1463	0
3848	1
1575	0
102	0
1561	0
3713	1
3388	0
1079	1
369	1
1867	1
3708	1
799	0
2894	1
3431	0
256	1
4568	0
203	0
269	1
3457	1
721	1
3944	1
4492	1
1029	1
166	0
930	0
1879	1
3443	1
4338	1
876	0
2335	0
1895	1
1717	0
4073	0
3597	0
354	1
1748	1
1331	1
1423	1
2355	1
3404	1
4557	0
3833	0
4750	1
1241	0
75	0
1094	1
3121	0
2381	0
4612	0
847	0
2790	0
3302	0
1205	1
1147	0
3061	0
2593	1
1466	1
4112	0
1692	1
2286	0
3041	0
3184	0
2248	1
3231	0
1801	0
3351	0
499	0
1888	0
1400	1
2906	1
3495	1
3466	0
711	1
4349	1
759	0
1477	0
1122	1
792	0
2576	1
1378	1
3387	1
1155	0
2624	1
2360	1
3905	1
106	0
4457	0
607	1
1289	0
3739	1
126	0
4166	1
2910	1
4239	0
2185	1
4513	1
3125	0
2927	1
1037	0
924	1
427	0
2517	1
1850	0
699	1
2410	0
3385	1
1170	1
4095	1
3242	1
274	0
2940	0
180	0
3581	0
603	0
941	0
2044	1
3811	0
1692	1
1044	0
4708	0
60	0
2200	1
1998	1
1295	0
4570	0
1355	1
3779	0
2656	0
1694	1
4231	0
2615	0
4024	0
3521	0
2541	0
2265	0
4104	1
1646	0
1177	0
2850	0
1582	0
1158	1
3443	1
3226	1
1941	0
1822	0
1248	1
3288	1
2906	1
3420	1
3049	0
227	1
1919	1
1916	0
1945	0
4126	0
4697	0
482	0
273	1
3668	0
146	0
70	1
4641	1
2078	0
4166	1
2554	0
3745	1
2728	1
4294	1
2921	1
4264	0
744	0
3242	1
4608	0
962	0
926	1
3420	1
2164	0
1817	0
1183	1
3027	1
4386	0
2141	0
1111	1
3477	0
4589	1
3052	1
2178	0
3028	1
955	0
2897	1
1758	1
722	1
2954	0
4146	1
461	1
3410	1
1139	1
2193	1
1560	1
322	0
1094	1
3404	1
4667	1
3888	1
1428	0
2026	0
763	1
652	0
4336	1
1381	0
1096	0
2733	0
4589	1
948	0
2781	1
4054	1
53	0
2737	0
3061	0
1867	1
1165	0
632	1
1902	0
376	0
2844	0
1279	0
2035	0
2094	1
477	0
2531	1
1261	1
3196	1
2791	0
2031	0
1317	1
930	0
3114	1
3385	1
268	1
4260	0
3185	0
1077	0
1016	0
4713	1
2713	1
2265	0
3768	0
203	0
4670	1
3124	0
3895	1
826	1
889	0
3332	1
3337	0
4054	1
738	1
3092	0
3745	1
816	1
1383	1
4136	0
2445	0
4163	1
1938	1
1316	0
2496	0
722	1
751	1
3670	1
1057	0
2806	0
612	1
1938	1
3936	0
2141	0
2136	1
1164	0
521	0
3308	0
4349	1
3890	1
2943	0
2501	1
3025	0
190	1
4194	1
3906	1
61	0
1677	1
3536	1
2808	1
1263	0
572	1
1350	1
4402	1
2088	0
2627	0
1583	1
4681	0
275	0
4452	0
2867	0
2732	0
1158	1
835	0
2572	1
3524	0
1274	1
3567	0
518	1
3	0
3763	0
2231	0
4430	0
2136	1
1424	1
2803	1
936	1
1423	1
65	0
2775	0
3482	1
3110	1
1215	1
1628	0
1507	0
3156	1
643	1
2471	0
3766	0
2088	0
3421	0
3623	1
3630	1
4648	1
1644	1
2683	0
2633	1
51	1
4641	1
1647	1
1776	0
3434	1
2118	0
2706	0
2128	0
1261	1
722	1
361	1
1141	1
132	1
3730	1
3010	1
4144	1
4729	1
3049	0
4531	1
3908	0
744	0
4247	0
3765	0
3253	1
1884	0
2884	0
2142	1
3506	1
1740	1
1777	0
4569	0
2973	0
369	1
555	0
4448	0
2273	0
703	1
3535	1
2979	0
1734	1
3937	0
113	0
2775	0
3414	1
1533	0
636	0
827	1
3140	1
2118	0
3418	1
1083	0
4024	0
3582	1
1517	0
1118	1
3985	1
4248	0
3010	1
3656	1
3428	1
1729	1
146	0
2686	0
1280	1
273	1
2112	1
1351	1
2006	0
741	0
3934	0
632	1
1133	1
3011	0
3253	1
2096	0
3722	1
2196	0
3450	0
4170	1
699	1
1941	0
2152	1
3505	0
2003	0
3992	1
3695	0
711	1
34	0
2454	1
3691	0
1716	0
3846	1
2115	0
317	0
2557	0
3511	1
3023	0
1421	1
437	0
3314	1
1357	1
1077	0
1098	0
1943	0
715	0
4702	1
726	0
2407	0
2588	1
821	1
361	1
2930	0
2378	0
1680	0
2326	0
2035	0
2709	0
2981	1
3221	0
4271	0
366	0
1366	0
1498	0
3839	0
3434	1
511	0
357	0
924	1
3518	0
3954	1
1026	1
2675	1
2019	0
1997	1
518	1
423	0
3716	1
1761	1
3734	0
3489	1
3199	1
3581	0
603	0
1433	1
3338	0
599	0
756	0
1076	0
1858	1
2360	1
1351	1
1147	0
1094	1
1677	1
2410	0
2557	0
2803	1
1094	1
1261	1
1157	0
1015	1
2004	0
3535	1
1228	0
2142	1
4259	0
4299	0
1260	1
4144	1
3220	0
3183	1
1368	0
2984	0
619	0
2000	0
143	0
1801	0
446	0
4022	1
2692	1
3575	0
3347	0
4543	0
913	0
3034	1
1118	1
3739	1
2849	1
4336	1
1756	1
1917	1
2104	0
2030	1
1193	0
1043	0
2076	1
1758	1
3140	1
1177	0
2217	0
2112	1
4533	1
2273	0
1773	0
703	1
1426	1
1303	1
2236	1
2029	1
1992	0
3228	1
1901	1
2602	0
4220	1
2576	1
3582	1
2843	1
4524	1
3605	0
1016	0
779	0
4672	0
4545	0
3292	0
318	0
1758	1
2831	1
1596	0
3614	1
2220	1
4344	0
3719	0
4575	0
4164	1
1326	0
1244	0
1675	0
4321	1
2511	1
590	0
712	1
446	0
108	0
3450	0
2193	1
2598	1
499	0
2594	1
2779	0
3488	0
270	0
4624	1
1832	1
1059	0
3527	1
4055	0
2884	0
4147	0
2455	0
3812	0
829	0
1097	0
4513	1
4668	0
3906	1
1561	0
1015	1
3159	0
1302	0
3407	0
3936	0
2553	0
3635	0
4349	1
3865	1
1169	1
3202	0
2657	1
2743	1
1025	0
2695	1
477	0
1227	1
3567	0
4210	1
1362	0
299	0
705	0
2857	1
2359	0
4400	1
3781	0
2435	0
1420	1
3515	0
2017	1
1383	1
4448	0
2257	0
2456	1
1826	1
3109	1
1357	1
560	1
2572	1
2032	1
4459	0
2445	0
3967	1
518	1
3796	0
1692	1
2743	1
1596	0
227	1
2353	1
2803	1
3110	1
20	0
559	1
4376	1
4199	1
2720	1
3034	1
809	0
4321	1
1919	1
140	0
1055	0
2781	1
2765	0
519	1
3132	1
3745	1
1139	1
1912	1
3550	1
2932	1
2868	0
3953	1
4452	0
1467	1
2672	0
2419	0
4170	1
4625	0
447	1
2017	1
2675	1
3404	1
1139	1
880	0
450	1
685	1
1381	0
2804	0
4338	1
1556	1
3965	1
2356	1
2901	0
356	0
743	1
4416	1
4147	0
1577	0
3345	0
3226	1
2482	0
3154	0
936	1
3874	0
1016	0
4596	0
2194	0
4018	1
2691	0
4158	1
4226	1
1872	1
4518	0
1547	0
3287	1
926	1
1263	0
2550	0
3898	0
699	1
4232	1
407	0
1737	0
248	1
992	1
2184	0
2942	0
1246	1
3895	1
301	0
4538	1
592	1
1574	1
4380	0
2194	0
2534	1
2531	1
1183	1
3418	1
2779	0
3317	0
1637	0
1300	0
3943	1
577	1
62	0
1917	1
1556	1
2626	1
139	0
2921	1
3338	0
93	0
1713	1
2917	1
1811	0
228	1
2796	0
3438	0
2946	0
3572	1
2602	0
2287	0
3943	1
1837	0
1189	0
14	1
391	0
1753	1
1777	0
4153	1
1843	1
3273	1
675	1
166	0
3132	1
483	0
4150	0
859	0
3583	1
1091	0
2499	0
876	0
2794	0
1133	1
453	0
3522	0
2324	1
4200	1
1067	1
3799	0
139	0
51	1
3678	0
712	1
3451	0
3575	0
4010	0
1079	1
1668	1
1560	1
1430	1
3842	0
556	1
3965	1
950	1
2586	1
682	1
2958	1
2849	1
1167	1
2025	0
3373	0
1677	1
1059	0
4641	1
2003	0
480	0
3631	1
4533	1
2974	1
4181	0
532	1
2553	0
1066	1
2426	1
943	0
1122	1
3241	1
1059	0
3480	0
1388	0
1537	0
4666	1
2361	1
3986	1
1740	1
3876	0
1803	0
1729	1
4013	0
51	1
2094	1
1793	0
3466	0
3	0
161	0
61	0
1378	1
3477	0
1113	1
1241	0
2580	1
4039	0
4375	1
490	0
4129	0
2118	0
2032	1
4714	0
4025	0
455	0
4130	1
4003	1
4236	1
1902	0
3273	1
2796	0
1668	1
246	0
4164	1
1533	0
3184	0
2030	1
1191	0
1524	0
392	0
4142	1
4090	1
2162	0
3479	0
2613	0
2368	0
295	1
1260	1
2906	1
2917	1
4697	0
1401	0
1680	0
692	0
3597	0
4018	1
807	0
580	0
711	1
4189	0
2158	1
1888	0
988	1
357	0
3410	1
1317	1
797	0
3072	0
4545	0
556	1
1993	1
3342	0
847	0
2246	0
3266	1
4307	1
3917	0
192	0
3669	1
3550	1
855	0
1858	1
1673	0
2907	1
1274	1
1047	0
192	0
573	1
1088	0
83	1
445	0
4328	0
2628	1
2871	0
3570	1
582	1
4540	1
341	1
3310	0
1811	0
4566	0
740	0
61	0
2181	0
3538	0
4328	0
1583	1
4304	1
2026	0
295	1
2778	1
1674	0
1895	1
4170	1
345	0
4244	0
2076	1
2681	0
2593	1
132	1
3323	0
4158	1
4039	0
2414	1
1029	1
3532	1
2414	1
4376	1
184	1
540	1
186	0
565	1
4203	0
2857	1
643	1
4247	0
4283	0
1338	1
388	0
182	0
4312	0
3420	1
680	1
2248	1
4447	1
3888	1
894	0
4704	1
1494	0
2469	1
621	0
3273	1
1867	1
3785	0
600	0
182	0
791	1
419	0
534	0
1736	0
2325	0
2270	0
4185	0
1798	0
3246	0
1938	1
3895	1
4036	1
4375	1
3834	0
1448	0
2671	1
1537	0
2657	1
2236	1
198	1
2806	0
2596	1
1634	1
2255	0
2863	1
1729	1
1165	0
2684	0
990	1
3477	0
816	1
3034	1
1977	0
2987	0
2720	1
2092	0
3495	1
4128	1
601	1
1205	1
1998	1
572	1
4445	0
2629	1
3583	1
1256	1
2258	0
4349	1
4593	0
149	1
2322	0
3972	0
4203	0
4482	0
834	0
1792	0
783	0
193	0
2629	1
2528	1
1945	0
636	0
2088	0
4506	0
61	0
4386	0
2516	1
4375	1
3047	0
2000	0
4615	1
476	0
256	1
655	1
2866	1
1089	0
2511	1
2170	1
2681	0
4423	0
622	0
228	1
733	0
4459	0
43	0
1634	1
2526	1
4404	0
1880	1
1133	1
4529	0
4372	0
1099	0
2633	1
821	1
2289	0
2469	1
4202	1
1383	1
4705	0
1165	0
1202	0
4702	1
2454	1
3282	1
4560	0
913	0
125	0
1088	0
4020	0
1629	0
1132	1
2857	1
1069	0
1583	1
3028	1
3575	0
2271	1
1400	1
474	0
2891	0
4241	0
1903	0
3289	0
738	1
1536	0
3570	1
1069	0
4402	1
4476	1
1332	1
1237	0
751	1
4447	1
3817	0
53	0
1779	1
4070	0
2185	1
3221	0
1173	0
190	1
840	0
3373	0
3359	0
1067	1
4130	1
2073	0
1022	0
3604	0
3567	0
832	0
779	0
3872	1
2958	1
2482	0
3543	0
1399	0
4018	1
596	0
812	1
1227	1
2812	1
677	1
2733	0
1903	0
3936	0
711	1
571	1
1766	0
2594	1
4490	1
571	1
540	1
763	1
34	0
1531	0
4142	1
341	1
2870	0
860	0
2633	1
3768	0
2212	0
4513	1
1083	0
2311	0
1288	0
4104	1
268	1
2591	0
536	1
293	1
2514	1
2136	1
2622	0
268	1
1935	1
2160	0
4495	0
3282	1
703	1
543	0
3156	1
2657	1
827	1
1279	0
1426	1
1713	1
442	0
4612	0
1333	1
3954	1
766	0
3986	1
136	1
70	1
743	1
2061	0
1548	1
2849	1
4543	0
2760	0
2162	0
2958	1
4443	0
926	1
750	1
4079	0
165	1
600	0
4328	0
1832	1
1044	0
2901	0
3675	0
1015	1
3793	0
1666	0
2299	1
2884	0
4055	0
1356	1
1185	0
673	1
125	0
4698	0
4589	1
656	0
1713	1
1303	1
1826	1
2487	1
4263	0
3349	0
2972	1
643	1
3623	1
2807	0
1378	1
1122	1
4000	0
3620	1
4648	1
1293	0
4641	1
4393	1
350	0
1694	1
184	1
2193	1
4131	0
14	1
1321	0
1071	0
2516	1
580	0
4015	0
4220	1
540	1
181	0
2479	0
2077	0
119	1
1966	0
3416	0
1184	0
1182	1
3972	0
4095	1
4096	0
1280	1
3707	0
335	0
1944	0
1647	1
4168	0
2848	0
2286	0
3607	0
1374	0
1026	1
2830	0
1219	0
4484	1
2588	1
906	1
2598	1
1400	1
4635	0
1435	1
1423	1
4023	0
1826	1
2531	1
1111	1
2899	0
918	1
2006	0
1096	0
2933	1
51	1
2700	0
3995	0
2309	0
1787	0
4180	1
190	1
3570	1
3967	1
906	1
3327	1
1026	1
83	1
3506	1
4338	1
4512	0
4429	1
3258	0
2406	1
26	0
612	1
1266	0
2808	1
1879	1
4613	1
2170	1
3384	0
1444	0
600	0
101	0
2068	0
1	0
2504	1
2057	1
1206	0
1111	1
789	1
3713	1
2626	1
3635	0
673	1
448	1
2927	1
4226	1
751	1
564	0
4465	0
317	0
1256	1
3851	0
4375	1
1424	1
560	1
1374	0
1433	1
4624	1
3347	0
3903	0
577	1
2966	0
377	0
4454	1
631	0
341	1
4393	1
1740	1
3203	0
1550	1
2617	0
3420	1
772	0
4202	1
3656	1
4591	1
3098	1
4206	0
3842	0
2666	0
3781	0
2057	1
4544	0
3707	0
4294	1
1015	1
3614	1
2783	0
4270	1
3890	1
2599	1
268	1
1912	1
3928	0
1190	1
655	1
4130	1
3661	0
2655	0
1850	0
2345	1
2092	0
2200	1
3264	0
2295	1
1795	1
3937	0
2170	1
2721	1
450	1
1149	0
565	1
1037	0
43	0
1809	0
1941	0
2446	0
2160	0
2957	1
4135	0
3194	0
4713	1
113	0
1362	0
1930	0
1691	1
3215	1
64	1
3830	0
4453	1
1911	0
4490	1
4146	1
2976	0
4032	0
3079	0
4484	1
613	1
1388	0
3385	1
1164	0
2932	1
3708	1
2311	0
2458	0
1619	0
3890	1
1934	0
2295	1
273	1
1427	0
2196	0
936	1
606	0
2359	0
2588	1
2870	0
3160	0
1563	0
4210	1
3938	0
3063	0
3553	0
1935	1
2385	0
906	1
3694	0
3722	1
2155	0
2974	1
1525	0
1272	0
901	0
2322	0
3327	1
1743	0
2574	0
638	1
3583	1
3059	1
290	1
1604	0
1298	0
2868	0
269	1
3876	0
758	0
3059	1
2672	0
3457	1
1995	0
3582	1
4138	0
1666	0
2528	1
715	0
1967	0
3943	1
3286	1
4490	1
2635	1
3827	0
1637	0
1046	0
4188	0
1661	0
1916	0
3997	0
2140	0
622	0
3492	0
181	0
1763	0
4384	0
980	0
408	0
3532	1
3047	0
1427	0
918	1
273	1
388	0
4000	0
1153	1
2030	1
1574	1
192	0
1274	1
1501	0
3314	1
3530	0
149	1
2684	0
1026	1
248	1
2831	1
1647	1
3241	1
2499	0
4232	1
4054	1
8	1
3314	1
549	0
2454	1
950	1
1591	0
4144	1
61	0
2932	1
685	1
227	1
4602	1
990	1
2248	1
4218	1
733	0
1722	0
2295	1
3550	1
4194	1
3808	0
2265	0
871	0
2517	1
1184	0
3156	1
2725	1
3481	0
2918	0
2219	0
4619	0
3502	0
973	0
3004	0
118	0
3331	0
2916	1
2594	1
3631	1
2933	1
4680	1
1149	0
2092	0
3489	1
3718	0
2624	1
1888	0
1827	1
2245	0
313	0
3789	0
3352	0
2922	1
1912	1
1648	1
3199	1
4131	0
357	0
4379	0
1338	1
2655	0
4153	1
268	1
4577	0
1516	1
3128	1
2244	0
2469	1
1463	0
2295	1
1132	1
758	0
4452	0
950	1
4095	1
577	1
2743	1
347	0
4283	0
3781	0
2044	1
1935	1
4008	0
34	0
4514	0
3583	1
2457	0
2088	0
187	0
3418	1
1433	1
3331	0
243	0
1310	0
460	1
30	1
4276	1
1087	0
1096	0
3905	1
1636	0
2172	1
570	0
4511	0
2225	0
1355	1
3425	0
1668	1
1129	1
567	0
673	1
4329	1
112	0
913	0
1648	1
4566	0
1722	0
2220	1
601	1
270	0
285	0
1078	1
2944	0
3944	1
818	1
2534	1
4132	0
4374	1
4463	1
3811	0
3899	1
4270	1
1879	1
2048	1
2980	1
1872	1
779	0
1488	0
259	0
313	0
1122	1
879	0
3614	1
2586	1
2788	0
4590	0
3291	0
750	1
590	0
1826	1
20	0
2862	0
1331	1
1606	0
1618	0
3076	0
2220	1
2212	0
827	1
3842	0
3899	1
3463	0
3452	0
2107	0
1032	0
2375	0
4704	1
4118	0
2516	1
3099	0
2549	0
3799	0
1683	0
1368	0
3551	0
4164	1
577	1
1071	0
1465	0
3954	1
1880	1
384	0
1098	0
2185	1
607	1
3847	1
3279	0
3728	1
3076	0
4384	0
1087	0
4025	0
2807	0
391	0
2245	0
2534	1
1426	1
2141	0
2324	1
2528	1
572	1
1012	0
2370	0
4376	1
3796	0
2325	0
1433	1
1364	0
3967	1
2287	0
281	0
2980	1
3329	0
3221	0
1798	0
3603	0
3211	0
2181	0
4259	0
988	1
926	1
4098	0
2599	1
3023	0
3684	0
2778	1
2370	0
3176	0
3985	1
3572	1
85	0
4535	1
1364	0
2445	0
4616	1
3293	0
3098	1
2076	1
1177	0
2596	1
4312	0
2632	0
4729	1
3287	1
2530	1
3234	0
2930	0
3985	1
1169	1
1550	1
3428	1
4128	1
448	1
3226	1
619	0
1574	1
285	0
1723	0
2292	1
685	1
3630	1
3109	1
2906	1
4726	0
2530	1
4397	0
656	0
2728	1
1465	0
2367	0
1358	0
182	0
2426	1
1735	1
1427	0
1533	0
2487	1
883	0
4378	1
1666	0
4120	0
4533	1
4142	1
840	0
3234	0
3509	0
4069	0
4422	0
1098	0
3063	0
2695	1
4473	0
4304	1
450	1
106	0
2013	0
235	0
2897	1
436	0
4726	0
3339	0
326	0
4727	0
1537	0
4591	1
4276	1
3237	1
571	1
1248	1
1935	1
4220	1
668	0
3482	1
3769	0
1216	0
1629	0
1182	1
4483	0
1118	1
187	0
2361	1
1919	1
1066	1
4405	0
2004	0
526	0
4750	1
1548	1
2370	0
483	0
2622	0
1838	0
2648	0
4415	0
2017	1
2530	1
3635	0
3856	0
3253	1
1957	0
4475	0
2303	0
780	0
293	1
669	0
955	0
3713	1
4119	1
1350	1
3882	0
2057	1
950	1
4138	0
1029	1
2843	1
1067	1
2906	1
4747	0
3650	1
3173	1
712	1
3052	1
571	1
3524	0
3027	1
3199	1
791	1
677	1
3936	0
1527	1
712	1
1477	0
4616	1
1879	1
2615	0
1148	1
4166	1
3370	1
1044	0
4443	0
328	0
1926	0
643	1
3650	1
2030	1
320	0
3281	0
2833	1
1424	1
1722	0
3241	1
190	1
1078	1
3183	1
2314	0
1537	0
582	1
750	1
2024	1
3669	1
448	1
2049	0
1026	1
3769	0
3530	0
1997	1
320	0
57	0
1748	1
3033	1
511	0
1488	0
1128	0
1141	1
4589	1
3401	0
2445	0
459	0
2057	1
1998	1
3173	1
4300	1
1086	0
1592	0
132	1
4437	0
2933	1
559	1
2200	1
4212	0
4648	1
4180	1
1421	1
1997	1
2910	1
3834	0
1339	1
3536	1
4196	1
4185	0
4705	0
2504	1
1260	1
1576	0
2632	0
2233	0
2787	0
4484	1
4475	0
4241	0
4120	0
3716	1
4066	0
778	0
3327	1
3428	1
2062	0
1713	1
190	1
4494	0
3033	1
592	1
3385	1
3120	0
2345	1
772	0
3956	0
2134	0
2981	1
277	0
3754	0
936	1
4524	1
2190	0
582	1
2368	0
1787	0
2804	0
2713	1
4490	1
2158	1
1756	1
2720	1
2894	1
1338	1
2743	1
2493	0
3441	0
3807	0
2009	0
2271	1
461	1
3990	0
918	1
4220	1
4387	0
2018	0
1753	1
269	1
1977	0
3933	0
4413	0
4615	1
4429	1
3611	1
4434	0
3091	1
1658	0
1274	1
4670	1
8	1
4726	0
737	0
1182	1
2010	0
1502	1
2577	0
482	0
4602	1
3625	0
2004	0
1223	1
3288	1
2066	0
3798	0
1400	1
2941	1
1997	1
4672	0
1182	1
1650	1
270	0
286	0
4321	1
3027	1
3620	1
632	1
4153	1
3029	0
3670	1
1293	0
377	0
1792	0
1710	0
3511	1
2593	1
3997	0
4577	0
721	1
2426	1
918	1
3173	1
4328	0
2078	0
2976	0
1350	1
382	0
143	0
3288	1
1427	0
3317	0
4070	0
412	0
4506	0
1766	0
2061	0
2857	1
1309	0
279	0
2713	1
226	0
3449	0
834	0
2199	0
619	0
3286	1
4158	1
1550	1
1173	0
1491	0
4385	1
2335	0
2671	1
2922	1
3809	0
1932	0
624	0
1880	1
1467	1
1803	0
2498	0
2057	1
2574	0
4378	1
2824	0
3125	0
1778	1
1205	1
2663	0
391	0
140	0
4022	1
2812	1
2752	1
2454	1
75	0
2014	0
1357	1
4299	0
2093	1
2850	0
