4526	0
1133	1
2295	1
3789	0
2894	1
1066	0
2684	0
4220	0
1734	0
1583	1
190	1
4670	1
335	0
1066	0
4128	1
2141	0
3582	1
1078	1
2516	1
51	0
4447	1
2426	0
1383	0
2958	1
2271	0
2743	0
1880	1
3414	1
606	0
2158	1
1713	0
3241	1
1677	1
1831	1
1091	0
3420	1
2526	0
789	0
4349	0
4535	1
1870	1
2360	1
2426	0
2917	1
1400	1
4158	0
1170	1
3237	0
3665	0
8	1
1427	0
1427	0
436	0
1186	0
1912	1
2594	0
751	1
2035	1
3943	0
2044	1
1560	1
3631	0
1872	1
534	1
601	1
2426	0
2220	0
2803	1
889	0
2779	0
1029	0
685	0
2843	1
789	0
534	1
2531	1
1351	1
2594	0
1122	0
2950	0
1400	1
3650	1
1274	1
3953	1
277	1
3331	0
1832	1
4641	1
1444	1
4226	0
1527	0
2728	0
2359	1
1956	0
269	1
582	1
1164	1
1550	0
1917	0
606	0
4666	1
4712	0
3713	1
3906	0
1435	1
4463	1
1026	1
198	0
571	1
369	1
3572	0
354	1
2426	0
2501	1
4144	0
3091	0
4463	1
3722	1
2812	0
2044	1
3023	0
3314	1
2781	0
871	1
2136	0
1037	0
2598	0
4138	1
2142	0
3199	0
3059	0
556	1
1355	0
518	1
2921	1
192	0
3302	0
1170	1
673	0
2136	0
4375	0
743	1
2593	0
1740	0
4729	0
4375	0
1047	1
2141	0
439	1
2863	1
1677	1
335	0
1694	0
1917	0
356	0
2514	1
1930	1
3438	1
3421	0
2691	1
273	0
3906	0
3967	0
1260	0
1261	0
2873	0
83	0
2469	1
1351	1
950	1
248	1
4304	1
133	0
3872	1
4379	1
2141	0
1516	1
2141	0
3506	0
132	0
2910	1
3327	0
3287	0
4641	1
3610	0
4713	1
3890	1
2172	1
2576	0
3242	1
4729	0
1423	0
1713	0
2469	1
3882	0
1826	0
1331	0
447	1
924	1
3808	1
2781	0
2074	0
2693	0
4304	1
3331	0
3611	1
2172	1
1044	1
4142	0
791	1
638	1
821	1
1076	0
826	0
3199	0
1424	1
1182	1
83	0
2356	0
3656	0
1756	1
3282	0
4729	0
3670	0
1647	0
1079	0
4095	0
1311	0
577	1
3114	0
2779	0
4376	1
1647	0
2360	1
816	0
1938	1
3059	0
4524	0
1740	0
4270	0
1044	1
4484	0
3985	1
361	0
3385	1
572	0
198	0
2675	0
4513	1
1427	0
3631	0
3010	1
273	0
186	0
450	1
3286	1
4454	0
2271	0
1832	1
3156	0
2482	0
497	0
273	0
2857	0
1158	1
2797	0
3774	1
4220	0
2354	0
3385	1
811	1
2531	1
3443	1
1118	0
703	1
4158	0
4095	0
256	1
447	1
1758	0
2904	1
4199	0
2580	0
4667	1
1497	0
4405	0
2456	0
2220	0
1556	0
1071	0
320	1
1433	0
4588	1
3543	0
2608	0
2693	0
3728	0
655	0
2321	1
1516	1
4393	0
268	1
3282	0
643	1
2193	1
1526	0
3716	0
1364	1
1113	1
662	1
2752	1
2454	0
2591	0
4196	1
1964	1
187	0
4329	1
184	0
791	1
511	1
4729	0
2511	1
4545	0
1586	0
3405	0
3550	1
293	1
3281	0
1158	1
4378	1
4379	1
4174	1
3027	0
2692	1
2588	0
3992	0
1430	0
4416	0
3418	1
577	1
4378	1
1421	1
4615	1
685	0
699	1
70	1
4513	1
1668	0
2594	0
2916	1
4018	0
2015	0
4300	0
2290	0
1421	1
1129	1
1867	0
4602	0
4395	1
2539	1
4750	1
1261	0
2068	0
2142	0
3888	0
4648	1
763	0
273	0
3286	1
3033	0
2534	1
1735	0
3688	0
2629	1
1338	1
3623	0
1998	0
738	1
2170	1
1141	1
4054	0
4490	0
655	0
448	1
3314	1
2906	1
133	0
3215	0
1766	0
256	1
1303	1
2093	0
560	1
2586	1
3614	0
1737	0
1556	0
3237	0
461	0
2635	1
2112	1
2271	0
538	1
1527	0
655	0
763	0
3745	0
2324	0
4589	1
1748	0
1184	0
3572	0
2170	1
2743	0
149	0
992	0
3882	0
4545	0
1832	1
2299	0
4203	0
4518	0
3506	0
3489	0
83	0
507	0
2848	0
571	1
3600	1
4540	0
61	0
380	1
1647	0
612	1
532	1
631	0
1761	1
14	1
2588	0
721	1
1899	0
2170	1
3890	1
3895	1
3425	0
3581	1
3847	0
3630	0
1751	0
1087	1
3628	0
703	1
2359	1
190	1
1997	1
1351	1
3033	0
990	0
750	0
2713	0
1497	0
4236	0
4641	1
3986	0
4526	0
3511	1
2657	0
3362	0
936	1
2713	0
2361	1
1260	0
926	1
3599	1
4164	0
3611	1
2516	1
3936	0
1426	1
2160	0
3570	0
4680	0
1748	0
809	0
3253	0
4349	0
906	1
1729	1
136	1
4163	0
4641	1
1867	0
4750	1
3335	0
3906	0
2367	1
4180	1
165	0
295	1
1879	0
3132	1
2743	0
988	0
4164	0
1832	1
1691	0
3899	0
1748	0
4307	1
61	0
4163	0
3890	1
556	1
1356	0
673	0
4447	1
1424	1
3550	1
3716	0
2094	1
2526	0
1420	1
295	1
4210	1
4386	0
4336	1
3630	0
1937	1
992	0
4393	0
1692	0
3041	0
2487	0
3114	0
3362	0
3114	0
1223	1
1029	0
1937	1
2482	0
3173	0
3570	0
1586	0
2921	1
2356	0
2580	0
2528	1
3765	1
1941	0
1261	0
4039	0
2185	1
2692	1
1067	0
1339	0
1644	1
2586	1
2227	1
2646	1
4476	1
3798	1
3944	0
2035	1
738	1
4003	0
2921	1
556	1
3156	0
3570	0
1586	0
1317	1
906	1
1692	0
607	1
3905	0
3173	0
704	0
1357	1
2633	0
2271	0
2721	0
2017	1
2596	0
4164	0
4463	1
4144	0
3428	0
83	0
51	0
2035	1
3215	0
826	0
187	0
2843	1
1735	0
3965	0
1248	0
1832	1
3173	0
3992	0
2290	0
3572	0
2517	1
1170	1
2812	0
2972	1
1015	1
534	1
926	1
2142	0
4540	0
2921	1
1586	0
3027	0
2917	1
750	0
950	1
1066	0
1378	1
3052	1
1427	0
2172	1
2124	1
4202	1
1182	1
4153	0
1015	1
722	1
3287	0
1015	1
2152	1
4008	0
100	0
4328	0
2608	0
2950	0
2781	0
1872	1
3603	1
192	0
3943	0
3600	1
540	1
1423	0
816	0
3708	0
322	1
436	0
3028	0
3951	1
722	1
2932	0
4432	0
3688	0
4170	1
4300	0
2933	1
4128	1
2713	0
816	0
1666	0
3281	0
2454	0
1919	1
2586	1
2720	0
3290	1
2918	1
2360	1
3457	0
1896	1
1912	1
3594	0
835	1
3582	1
1899	0
1132	1
712	1
2345	1
3288	0
1215	0
1430	0
1378	1
3140	0
2713	0
2200	1
2030	0
3033	0
3965	0
871	1
2981	0
571	1
1079	0
1692	0
64	0
3527	1
990	0
1139	0
2093	0
3286	1
738	1
455	0
3728	0
4055	0
3110	0
51	0
3848	0
2136	0
2326	0
3109	1
2657	0
4376	1
1777	0
3895	1
2212	0
4615	1
1998	0
1880	1
1087	1
2530	1
1066	0
3876	1
847	1
638	1
3196	0
4484	0
4543	0
4506	1
3872	1
1867	0
445	0
2469	1
4704	1
4270	0
4365	1
1280	1
2633	0
335	0
450	1
1071	0
3434	0
751	1
4144	0
677	0
3518	0
4307	1
507	0
2974	1
1997	1
4018	0
3110	0
439	1
1350	1
1916	1
1895	0
3983	1
2593	0
3650	1
2074	0
1801	1
751	1
1139	0
4729	0
1092	1
1713	0
3847	0
2076	1
3302	0
461	0
1467	1
2068	0
4463	1
2857	0
2361	1
2657	0
2487	0
791	1
3140	0
4531	1
4166	0
2456	0
532	1
1029	0
3286	1
3955	1
341	1
3722	1
3669	0
556	1
2752	1
1210	1
1332	0
3273	1
560	1
2593	0
1280	1
612	1
3848	0
3809	0
1072	1
3109	1
1158	1
3631	0
4188	0
1536	0
2200	1
3434	0
3027	0
3798	1
3965	0
1357	1
51	0
30	0
2385	0
1190	1
936	1
1556	0
1122	0
1333	0
2572	1
1260	0
3745	0
3288	0
391	0
1917	0
4750	1
388	1
4616	1
3937	1
2695	1
643	1
1139	0
2916	1
4220	0
818	1
3895	1
3848	0
1246	1
361	0
918	0
1668	0
3670	0
2907	1
540	1
1779	1
1378	1
1280	1
2265	1
448	1
4750	1
439	1
990	0
3325	0
2405	0
2517	1
1362	1
4328	0
2142	0
3231	0
2622	1
3583	0
1170	1
3669	0
631	0
950	1
2544	1
2248	0
612	1
2032	0
1274	1
2981	0
3242	1
1205	1
4283	1
4128	1
613	0
2057	0
812	1
3010	1
1350	1
1560	1
4008	0
2032	0
1899	0
1183	1
1550	0
184	0
3282	0
3944	0
4624	1
1583	1
256	1
1246	1
4146	0
2884	1
2804	0
1648	0
1015	1
1666	0
2857	0
3572	0
132	0
4667	1
198	0
341	1
3028	0
4589	1
1912	1
1169	0
582	1
1420	1
2029	1
2863	1
2057	0
2588	0
1246	1
1067	0
3226	0
1303	1
4163	0
860	1
2361	1
3985	1
4538	0
3140	0
3495	0
3967	0
1548	0
227	1
818	1
565	1
572	0
2074	0
1465	1
51	0
3385	1
1223	1
1303	1
227	1
1332	0
3530	0
61	0
4142	0
826	0
2324	0
3967	0
3335	0
4226	0
1998	0
1634	1
1378	1
699	1
1079	0
1383	0
4465	0
2193	1
3594	0
2720	0
4393	0
1604	0
1317	1
2378	0
1956	0
1843	1
4492	1
750	0
1798	0
1029	0
1577	0
1111	1
1078	1
2743	0
2185	1
286	1
988	0
2152	1
532	1
3713	1
369	1
1351	1
1148	0
2713	0
3	0
572	0
2553	1
2482	0
1466	1
4098	1
4226	0
285	0
2142	0
2355	0
4492	1
1332	0
2538	1
4533	0
1183	1
4146	0
1433	0
2628	0
1227	1
4666	1
3656	0
699	1
1423	0
2721	0
827	0
1629	1
1778	0
1917	0
3848	0
1938	1
2599	1
2044	1
2791	0
1383	0
2504	1
4338	0
1087	1
870	1
1574	1
1648	0
2790	0
1339	0
540	1
2849	1
1096	1
2884	1
4648	1
2104	1
2808	0
1118	0
926	1
1190	1
1872	1
4112	1
3362	0
2360	1
382	0
906	1
380	1
4492	1
1182	1
3905	0
4328	0
1634	1
1256	0
2922	1
4022	0
2057	0
4232	0
60	0
3428	0
2632	0
4453	0
2170	1
3936	0
4166	0
1501	1
1935	1
4170	1
1186	0
357	0
2193	1
4300	0
227	1
619	0
1333	0
1132	1
4199	0
3688	0
380	1
3132	1
2395	0
4535	1
4680	0
2950	0
2170	1
3407	0
519	1
577	1
2152	1
3128	1
2917	1
3199	0
4378	1
30	0
1872	1
3716	0
4648	1
4304	1
2778	0
2514	1
228	1
2608	0
2531	1
2528	1
4602	0
2032	0
1424	1
2094	1
3511	1
3034	0
3890	1
149	0
565	1
2030	0
3388	0
675	1
1574	1
1634	1
2873	0
3986	0
2910	1
711	1
743	1
2528	1
1092	1
1356	0
1190	1
4350	1
1055	1
3434	0
1183	1
1426	1
2076	1
3327	0
4338	0
3848	0
3944	0
1378	1
2076	1
1740	0
295	1
3288	0
2790	0
2633	0
4039	0
1776	0
4321	1
2933	1
228	1
2414	1
4367	0
3457	0
2528	1
1858	0
3370	1
450	1
613	0
2778	0
3094	0
2361	1
2580	0
3852	0
2957	1
3290	1
4713	1
3418	1
3665	0
1122	0
2974	1
1879	0
2950	0
4648	1
4236	0
3461	0
2482	0
4022	0
4415	0
3428	0
2539	1
4329	1
918	0
184	0
1433	0
1026	1
4624	1
3282	0
2355	0
4126	0
3215	0
2526	0
1586	0
1938	1
631	0
8	1
1647	0
3460	0
1141	1
1274	1
132	0
1355	0
3273	1
2526	0
3943	0
427	0
4232	0
1015	1
1256	0
1311	0
1122	0
3670	0
1184	0
582	1
3258	0
1766	0
4220	0
3287	0
532	1
64	0
2720	0
2112	1
3173	0
64	0
3214	0
3521	0
758	0
2897	1
4179	1
4617	1
3506	0
341	1
3215	0
1766	0
269	1
4447	1
1912	1
4617	1
345	0
2743	0
1668	0
613	0
3890	1
3722	1
1186	0
1129	1
2720	0
1164	1
677	0
1668	0
1215	0
1256	0
791	1
3495	0
3410	1
4199	0
2299	0
3570	0
738	1
2906	1
4704	1
3888	0
450	1
3842	1
818	1
2136	0
4054	0
948	0
3128	1
751	1
1677	1
2804	0
2968	0
3793	0
2721	0
3335	0
1740	0
3688	0
4616	1
1912	1
556	1
2248	0
2657	0
4476	1
192	0
1350	1
3872	1
3905	0
3536	1
4375	0
3404	0
1998	0
1280	1
3511	1
677	0
1930	1
711	1
1111	1
1691	0
2406	0
1182	1
1583	1
816	0
619	0
1331	0
1993	1
3765	1
1911	0
4616	1
132	0
2974	1
4338	0
3630	0
532	1
2598	0
2094	1
2096	0
2426	0
4142	0
3420	1
1729	1
2361	1
1424	1
4367	0
3457	0
3094	0
268	1
4429	0
1261	0
955	1
391	0
149	0
540	1
1516	1
3211	0
2314	1
2406	0
1729	1
2580	0
4304	1
3905	0
3650	1
2752	1
565	1
1266	0
4153	0
2006	1
3670	0
751	1
4385	1
3159	0
2056	0
1120	0
1967	0
1077	1
1153	1
3109	1
703	1
4524	0
4104	0
1260	0
4003	0
3965	0
1758	0
4158	0
750	0
1106	1
3899	0
3387	1
4130	0
2039	1
3387	1
3985	1
2693	0
1748	0
1574	1
924	1
3607	1
3384	0
704	0
740	0
3506	0
4704	1
936	1
1026	1
936	1
560	1
1321	0
2517	1
570	1
4144	0
2958	1
1935	1
1858	0
779	1
1423	0
743	1
2974	1
1078	1
763	0
4476	1
3033	0
3428	0
2248	0
3231	0
2881	1
596	0
601	1
3895	1
613	0
3023	0
4670	1
577	1
1668	0
3599	1
2599	1
3176	0
507	0
3833	0
1858	0
4018	0
3110	0
30	0
3404	0
3995	0
2504	1
2808	0
4104	0
673	0
4130	0
1779	1
4022	0
2487	0
3899	0
3888	0
3716	0
711	1
2076	1
4338	0
3745	0
655	0
2321	1
4095	0
1879	0
1205	1
1737	0
4153	0
1801	1
1648	0
4349	0
3250	0
2958	1
3253	0
791	1
227	1
2112	1
4130	0
4641	1
182	1
4397	1
2292	1
4666	1
460	1
1357	1
4615	1
1964	1
1223	1
1358	1
447	1
2624	0
992	0
3	0
3811	0
3253	0
1317	1
1917	0
1248	0
248	1
1666	0
4524	0
2456	0
1548	0
2942	0
2074	0
3847	0
3196	0
1122	0
303	1
601	1
4702	1
2980	1
3385	1
2778	0
2516	1
1182	1
2295	1
3421	0
3807	1
4713	1
2375	0
4039	0
1169	0
2941	0
1466	1
3027	0
447	1
2586	1
2752	1
1993	1
3614	0
743	1
2941	0
1129	1
3936	0
4153	0
1753	1
2336	1
3387	1
2803	1
1827	0
2076	1
2526	0
2721	0
3241	1
1880	1
812	1
677	0
4490	0
1779	1
4130	0
1735	0
1467	1
2031	0
1205	1
2516	1
2693	0
4218	0
2806	0
4146	0
3314	1
4425	1
3898	0
2140	0
1735	0
2162	0
632	0
4104	0
3765	1
2812	0
1388	0
3583	0
3140	0
2778	0
4429	0
1358	1
4142	0
789	0
4170	1
4181	0
2469	1
2812	0
2916	1
2863	1
992	0
3938	0
3405	0
4166	0
4429	0
460	1
2932	0
4666	1
2185	1
918	0
2972	1
2857	0
1778	0
3535	1
3846	0
4226	0
2728	0
4095	0
2517	1
3314	1
4164	0
1303	1
638	1
1843	1
4429	0
2030	0
