923	0
909	0
3965	1
2589	1
533	0
2469	1
1351	0
4106	0
70	0
2216	1
460	0
2902	0
2829	0
2501	1
284	0
1969	0
3984	0
1355	1
1026	1
3710	1
722	0
4077	0
3101	1
3920	1
871	1
938	0
1939	0
676	0
269	1
3568	1
1400	1
2531	0
4046	1
989	0
518	0
4661	0
1278	1
3204	1
3040	0
1634	0
1158	0
290	0
699	0
1912	1
1913	1
2220	1
517	1
923	0
1801	1
1540	1
3147	0
4219	0
1892	1
1986	0
3434	0
227	0
4540	1
4666	0
1327	1
2390	0
500	0
1760	0
1274	0
3764	1
1042	0
1035	1
1280	0
232	1
2998	0
1246	0
2958	0
1473	1
3582	1
4198	0
4039	1
4534	1
1077	1
3108	0
2451	1
273	0
3391	1
4123	1
4536	0
571	1
3086	1
727	1
3726	1
1880	0
2622	1
3533	0
639	0
1880	0
1644	0
1556	0
1140	0
234	0
4504	0
4713	0
1465	1
1322	1
2998	0
72	0
4178	1
4293	1
375	1
1548	0
1807	0
3335	0
712	1
4395	1
4663	0
339	0
3005	1
3077	1
72	0
2875	1
2894	0
1585	0
885	0
1320	0
1791	0
2528	0
1010	0
4036	0
984	0
2477	0
2599	0
4738	0
2713	1
1230	1
1540	1
4027	0
1628	1
1527	0
2266	1
256	1
2032	1
4432	0
71	0
1997	0
3294	0
4670	1
4447	0
1779	0
1588	1
1111	1
4693	1
1707	0
2360	0
1868	0
3364	1
1314	1
2112	1
4666	0
190	1
2517	0
1516	0
2985	0
582	1
3435	0
4614	1
2680	1
463	1
1285	0
500	0
2212	1
4713	0
655	0
3265	1
3744	1
2934	0
3265	1
3994	0
3033	0
1122	1
2838	1
919	0
2487	1
1129	1
4077	0
1933	0
4324	0
1555	0
3871	1
886	0
1667	1
248	0
1102	1
1440	0
2186	0
3951	1
3992	0
3581	1
674	1
4221	1
2152	1
3985	1
4449	1
3569	1
4463	1
4667	0
540	1
4535	1
579	0
4490	0
4476	1
4487	1
2109	1
1767	0
4027	0
703	0
1490	0
2517	0
1133	1
2398	1
1900	0
4220	0
1961	0
2514	1
3511	1
94	0
4027	0
1842	1
3900	1
3226	1
2626	1
4738	0
1521	0
4678	1
4307	0
2491	1
1223	0
3462	1
295	0
2994	0
1274	0
1182	1
1260	0
3713	1
2377	0
2268	1
2069	1
2109	1
4308	0
1187	0
4158	0
3108	0
1801	1
4046	1
14	0
440	1
2220	1
187	0
1351	0
3483	0
3288	0
1260	0
4324	0
3485	1
3142	1
3899	1
998	1
2635	0
1740	0
2952	1
2985	0
2207	1
921	1
2539	1
3028	1
4324	0
3286	1
2640	1
4492	0
1040	1
1677	1
4174	0
1687	1
3619	1
410	0
4077	0
4295	1
872	1
2894	0
269	1
4492	0
1138	1
2504	1
2124	0
2902	0
1063	0
1986	0
936	0
3498	1
3895	1
340	1
1222	0
2752	1
184	0
1260	0
950	1
3764	1
3783	1
821	0
4308	0
1285	0
3482	1
2421	1
1707	0
1421	0
1748	1
247	0
500	0
4490	0
2528	0
4217	0
2643	1
3294	0
401	0
3266	1
4328	0
4082	1
3235	0
3321	1
509	1
1223	0
3162	1
1826	0
4648	1
3346	1
1446	1
1589	1
2377	0
751	1
2528	0
2517	0
1138	1
3002	1
579	0
3295	0
3237	1
3239	1
1227	1
4617	0
1749	1
1248	1
1140	0
685	0
1584	0
2377	0
4539	1
2365	1
821	0
2406	1
450	1
268	1
1246	0
1548	0
4660	1
1351	0
2906	0
2743	0
1560	0
2599	0
4083	0
1578	0
534	1
465	0
2376	1
703	0
3457	0
2276	1
1556	0
4748	1
2176	0
686	0
2974	0
2913	1
3385	1
1832	0
826	1
340	1
3772	0
3321	1
582	1
2857	0
2820	1
1010	0
4416	1
248	0
4599	0
449	0
3985	1
2570	1
249	0
1920	0
1338	1
83	1
3593	1
