1323	1
4449	1
2104	0
2502	0
3536	1
4458	1
3583	1
4316	1
1925	1
897	0
2558	1
1843	1
3991	0
2667	0
1015	1
1264	0
4039	0
4588	1
1921	1
4537	0
4706	1
440	1
674	1
2172	1
2908	1
1158	0
2436	0
3083	0
1255	0
2889	1
530	1
4510	0
1315	0
341	0
228	0
839	1
2484	1
3028	1
2420	0
3808	0
2200	0
1424	1
2022	0
2977	1
2254	0
2026	0
3448	0
1810	1
1487	1
3273	1
1140	0
1549	1
1798	0
4654	1
4539	1
2171	1
533	1
3811	0
2639	0
2721	1
907	1
655	0
4589	1
1181	1
343	1
4087	1
2818	0
1383	1
1858	0
4749	1
4076	1
1888	0
2980	1
1848	0
2359	0
1119	0
1864	1
2726	1
3387	1
1627	1
449	1
2642	0
1668	1
4571	0
3650	1
4057	0
2576	0
2275	0
4329	1
1241	0
3573	1
509	1
71	1
4614	1
2848	0
3428	0
2989	0
1993	1
447	0
3030	1
339	0
535	0
1139	1
2740	1
2209	1
4702	0
3444	0
3405	0
1033	1
4703	1
4027	1
4128	0
2241	1
2546	0
