3266	1
2804	0
1791	1
2173	0
1327	1
2360	1
4177	1
2185	1
2032	0
4385	1
4597	0
2933	0
4293	0
1278	0
1895	0
1040	1
579	0
4026	1
1133	1
172	0
2968	0
3783	0
650	1
1066	0
618	0
753	1
3253	0
4245	1
1331	0
559	1
2638	0
2911	1
2516	1
4740	0
300	1
1184	0
4205	0
2318	1
2030	1
643	1
2641	1
2056	0
250	1
3510	1
2201	1
1141	1
742	0
3402	0
4484	0
2857	0
775	1
4740	0
66	0
1560	1
2029	1
2895	0
1067	0
3729	1
4490	0
4088	0
2482	0
1078	1
2580	0
2752	1
4177	1
1714	0
1433	0
3977	0
3277	0
2593	0
2971	0
4686	0
639	1
1376	0
4153	0
2563	0
1314	1
1711	0
556	1
3981	0
1421	1
3114	0
440	1
2118	1
3267	1
1964	1
2453	1
1223	1
1611	0
1041	0
518	1
1274	1
1296	1
1806	1
3077	1
2504	1
1320	1
4284	0
342	1
3051	1
1761	0
4589	1
1320	1
6	1
3895	1
1470	0
2026	0
2057	0
2909	1
3745	0
3836	0
1583	1
1434	0
1239	0
2679	1
2271	0
1355	1
3573	1
1187	0
2806	0
1915	1
4002	0
1129	1
1435	1
1997	1
3764	1
3571	0
2361	1
256	1
530	1
3022	0
1108	0
565	1
4205	0
357	0
4509	1
4656	0
411	0
410	1
3508	0
3725	0
303	1
4128	0
1497	0
3166	1
2262	0
1603	1
2894	1
2727	0
1339	0
749	1
4055	0
4539	1
2171	0
1164	1
1078	1
3495	0
3162	0
794	0
3196	0
2698	0
4534	1
1938	1
536	1
2721	0
341	1
3516	1
579	0
72	1
2981	1
2659	0
3227	0
3253	0
383	1
2290	0
4307	1
2972	1
2467	1
3435	0
2068	0
6	1
2136	0
2363	0
4665	1
1540	1
2950	0
4547	0
3284	0
3712	1
3735	0
1327	1
3142	0
1629	1
2106	0
4349	0
3905	0
4546	0
1433	0
3745	0
2971	0
1922	1
2179	0
3001	1
4743	0
3973	0
1812	0
3229	0
1015	1
2571	1
1649	0
4449	0
1584	0
1305	0
2912	1
673	0
4308	1
2573	0
4323	1
4232	0
3288	1
4130	0
4738	1
1008	1
2680	1
3457	1
3573	1
2911	1
1254	0
354	1
2321	1
1140	1
4221	0
2456	0
4463	1
1414	0
4528	1
984	1
3265	1
2140	0
2483	0
4741	0
4367	0
2817	1
3677	0
1063	1
3569	1
4057	1
920	1
1788	0
3108	1
256	1
4547	0
2718	0
1444	1
2633	0
189	0
1713	0
1105	1
1446	1
264	0
3394	0
4451	1
1423	0
1015	1
926	0
2171	0
4093	0
4488	1
4333	0
3926	0
866	1
3197	1
530	1
924	1
1753	1
411	0
2408	1
2573	0
4007	0
751	1
4326	0
4627	0
4504	0
4375	0
2282	1
2981	1
2465	0
1455	1
2094	1
1136	1
602	1
1649	0
3238	0
1323	1
1180	1
3413	1
4702	1
821	1
3940	0
4661	0
2917	1
4740	0
2356	0
2531	1
1915	1
2692	1
1079	0
2271	0
2539	1
655	0
1758	0
285	0
3550	1
3507	0
1161	0
3010	1
1322	1
1231	1
2344	1
617	0
638	1
2398	1
2307	0
3713	1
223	1
2529	1
1669	0
655	0
186	0
3787	1
3568	1
1196	0
2208	1
1928	1
654	0
924	1
3670	0
3525	1
2534	1
1346	0
791	1
4424	0
3408	0
3285	0
690	0
2353	0
277	1
818	1
4307	1
3849	0
2970	1
3984	1
732	0
1842	1
1872	1
3568	1
1753	1
299	1
2953	1
3286	1
1748	0
2324	0
4019	0
3596	0
2489	1
1879	1
2833	1
294	0
201	0
710	1
4429	0
1353	0
2906	1
3621	1
2743	0
3601	0
391	0
4750	1
2640	1
1732	0
4396	0
847	1
992	0
3362	0
450	1
3194	0
885	1
1666	0
2608	0
4538	0
1319	0
1668	0
3961	1
252	0
4121	0
3283	0
1430	0
3358	0
886	0
1246	1
230	1
3657	0
1586	0
2142	0
3981	0
2576	0
4489	1
3191	0
1964	1
396	0
3078	0
2598	0
3438	1
1160	1
4236	0
1941	1
3614	0
4054	0
465	0
2466	1
4537	1
2907	1
396	0
4451	1
2466	1
2482	0
4228	0
789	0
4349	0
3808	1
4277	0
2189	1
2076	0
1487	0
2208	1
2512	1
2921	1
3977	0
710	1
3238	0
2482	0
3083	1
1248	0
1779	1
1311	0
508	1
4703	1
4748	1
4166	0
3098	1
2497	1
293	1
1892	0
3284	0
629	0
2695	0
784	0
511	1
2907	1
3725	0
2116	0
3110	0
264	0
2629	1
2803	1
2713	0
653	0
3594	1
2321	1
3211	0
3584	0
2415	0
4571	1
1434	0
2952	0
2528	1
3142	0
1749	0
925	1
3601	0
2522	0
1319	0
1839	0
2728	0
3229	0
3396	0
3991	0
1186	0
4751	1
699	1
2093	1
3656	0
4146	0
2359	1
4277	0
4310	0
2507	1
3288	1
2902	1
3708	1
557	0
1588	1
650	1
2179	0
3583	0
4085	0
2843	1
1585	0
1274	1
2356	0
3388	0
4039	1
678	0
1568	1
826	1
3722	1
461	0
2763	0
3991	0
2849	1
4545	0
4713	1
3623	0
4679	1
2895	0
3229	0
3506	0
2596	0
3447	1
4095	0
719	0
2669	0
816	0
3872	1
2879	1
4146	0
1807	1
4027	1
2784	1
1625	1
3965	0
3954	1
1961	0
2428	1
2022	0
4021	0
1938	1
3128	1
723	1
2751	1
2781	0
4028	1
827	1
989	1
1140	1
2103	0
4639	1
1779	1
3982	0
1652	1
1030	0
3418	1
2360	1
2698	0
449	1
4332	0
2698	0
3242	1
268	1
3375	0
4658	1
2729	0
582	1
3295	1
2012	1
2074	0
2956	1
1647	0
1778	0
4654	1
3287	0
1440	1
1466	1
2121	1
1378	1
2079	0
1336	0
1352	1
2173	0
3511	0
2710	0
2035	0
1349	1
1369	0
3341	0
506	1
3242	1
2395	0
3799	1
4535	0
2916	1
1124	0
4022	0
1585	0
1198	1
1627	1
3764	1
1026	1
4321	1
1780	0
4332	0
3099	1
690	0
716	0
3848	0
1358	1
3495	0
1527	0
3619	0
79	1
1782	1
4141	0
1071	0
560	1
4616	1
2802	1
3688	0
533	1
2456	0
2209	1
654	0
1110	0
4378	1
1467	1
1654	1
74	1
4540	0
1473	1
119	1
2142	0
2784	1
2679	1
4600	0
2307	0
4525	0
4658	1
653	0
1261	0
1913	1
2743	0
1879	1
4680	1
2069	0
2906	1
1133	1
4645	0
3974	0
2171	0
4711	1
95	0
4141	0
2093	1
2152	1
2838	1
3658	1
3516	1
3035	0
3059	0
1749	0
4393	0
1040	1
559	1
256	1
4	0
1359	1
3658	1
1935	1
3016	1
4284	0
2112	1
1892	0
990	0
248	1
1981	0
3977	0
256	1
3920	0
1020	0
448	1
1649	0
2087	1
1993	1
2367	1
2248	0
1648	0
2106	0
4160	0
1961	0
2466	1
3973	0
1840	0
2919	1
463	1
1851	0
3286	1
3591	0
4703	1
3215	0
3358	0
677	0
4333	0
3227	0
1899	0
4642	1
1560	1
3765	0
1066	0
1468	0
1140	1
966	1
517	1
1740	0
2764	0
2344	1
3	0
2920	1
1435	1
94	0
1647	0
3482	1
2035	0
1141	1
3875	1
3315	1
1359	1
1713	0
3760	0
2390	0
2938	1
2869	1
681	0
2575	0
4602	0
3054	0
1378	1
2729	0
1440	1
2360	1
1215	0
4579	1
2531	1
1440	1
868	1
3496	0
2538	1
690	0
4316	1
2951	0
3875	1
1462	0
1919	1
3621	1
3418	1
3584	0
4599	1
3793	0
4585	1
4450	1
981	0
401	1
751	1
64	0
838	1
719	0
189	0
2319	1
4203	1
2193	1
2922	1
3994	0
1124	0
3936	0
826	1
4462	0
2355	0
2952	0
3236	1
3859	0
83	0
2487	0
837	0
225	0
983	1
3090	1
3570	0
3429	0
1020	0
4425	0
4678	1
2829	0
2276	1
2076	0
3410	1
3387	1
149	0
132	0
2193	1
2182	1
731	0
439	1
2770	0
6	1
920	1
4310	0
1042	1
1937	1
874	1
2667	0
2599	1
2477	0
3521	0
3586	0
1357	1
3280	0
2116	0
3033	0
3847	0
727	1
2044	1
4661	0
1303	1
1110	0
2182	1
722	1
1303	1
4059	0
3950	1
3833	0
900	1
4202	1
200	0
1337	0
3787	1
3227	0
440	1
1015	1
719	0
1729	1
1589	1
673	0
2026	0
2808	0
1749	0
3907	0
4276	1
1338	1
2109	0
616	0
1383	0
533	1
4296	1
3199	0
3086	1
3028	1
2558	0
448	1
3511	0
4220	0
791	1
3994	0
4059	0
2530	1
3533	0
447	1
3282	0
4693	0
2454	0
1766	0
2290	0
1915	1
1585	0
1967	0
4526	1
674	1
3875	1
3688	0
1913	1
1873	0
3649	1
2095	1
1578	0
681	0
2919	1
4408	0
4484	0
1119	0
4208	1
3442	1
2994	0
3059	0
2921	1
4462	0
2507	1
572	0
754	0
3656	0
2371	0
2987	1
1020	0
765	1
4724	1
4547	0
743	1
3683	0
617	0
4656	0
4488	1
1832	0
2193	1
3899	0
571	1
3896	0
3161	0
1692	0
3993	0
4536	1
3786	0
3923	1
2576	0
1359	1
1916	1
1020	0
4297	0
4528	1
981	0
1423	0
1078	1
2358	0
2074	0
2170	1
142	1
966	1
1601	0
4322	1
2262	0
3215	0
4009	1
3728	0
2720	0
273	1
1063	1
4535	0
3033	0
1239	0
2580	0
2176	0
4170	1
50	0
872	0
345	0
4053	0
1490	1
3791	0
2588	0
3619	0
3506	0
3745	0
1981	0
4003	0
3507	0
268	1
682	1
64	0
3404	0
3252	0
1577	0
576	0
1554	1
2317	1
1280	1
3425	0
4297	0
4379	1
1274	1
584	1
4115	0
1468	0
3136	0
2913	1
4624	1
1584	0
3199	0
3327	0
3429	0
4679	1
4129	0
2536	1
1858	0
4051	0
865	1
61	0
4724	1
3247	0
1349	1
4524	0
1339	0
2169	1
2752	1
617	0
3018	0
2426	0
2586	0
3772	0
2284	1
2994	0
2284	1
1737	0
1079	0
3034	0
163	1
4333	0
3435	0
447	1
4144	0
3420	1
3930	1
447	1
4164	0
1758	0
4540	0
2012	1
2193	1
4510	0
2879	1
6	1
3581	1
1864	1
704	0
2657	0
3270	1
4329	1
1139	0
2509	1
1039	0
3235	0
4585	1
223	1
2724	1
2106	0
2502	1
1867	0
1400	1
1703	0
1266	0
2295	0
3231	0
1087	1
4082	0
4490	0
4008	0
4308	1
2339	0
1694	0
2873	0
1184	0
2104	1
2141	0
2603	0
3397	0
4210	1
497	0
252	0
250	1
3002	1
4740	0
2912	1
76	0
4202	1
864	1
2713	0
654	0
2108	1
1264	1
641	1
4685	1
340	1
3248	0
771	0
1102	1
2031	0
1490	1
3078	0
4602	0
1338	1
3922	0
3657	0
3565	1
3629	0
1443	1
4524	0
1534	0
789	0
2817	1
2750	1
3350	0
3183	1
32	1
3128	1
2087	1
1858	0
2520	0
811	1
159	0
4641	1
4648	1
4074	1
4144	0
1092	0
3591	0
4555	0
4525	0
4130	0
447	1
3419	0
1254	0
2911	1
4326	0
343	1
4616	1
4504	0
2123	1
4531	1
3900	1
4083	1
3162	0
172	0
2763	0
2964	0
619	0
4336	1
2526	0
3280	0
560	1
1439	0
2248	0
4485	1
1766	0
2875	1
712	1
1029	0
4454	0
61	0
2526	0
3028	1
3286	1
4216	1
4373	0
2740	1
